# 6in_(30.0,6.4)_1.txt
# UUID: 2bf62b14-084b-4d4b-9a68-17883a59cbaf
# Label: NO LABEL
0, -3750, 505
0, -3625, 504
0, -3501, 504
0, -3375, 504
0, -3250, 505
0, -3126, 505
0, -3000, 505
0, -2876, 504
0, -2752, 504
0, -2627, 504
0, -2503, 504
0, -2377, 504
0, -2252, 504
0, -2128, 505
0, -2000, 505
0, -1875, 506
0, -1751, 506
0, -1627, 505
0, -1502, 504
0, -1375, 506
0, -1251, 508
0, -1127, 504
0, -1001, 510
0, -876, 488
0, -752, 519
0, -627, 542
0, -503, 485
0, -379, 433
0, -255, 446
0, -131, 544
0, 0, 630
0, 125, 608
0, 250, 535
0, 374, 494
0, 499, 460
0, 625, 441
0, 750, 446
0, 874, 457
0, 1000, 452
0, 1124, 424
0, 1249, 388
0, 1373, 374
0, 1498, 404
0, 1625, 464
0, 1749, 535
0, 1874, 598
0, 1999, 624
0, 2124, 635
0, 2248, 622
0, 2373, 601
0, 2497, 584
0, 2621, 567
0, 2746, 558
0, 2870, 540
0, 2998, 514
0, 3123, 514
0, 3247, 542
0, 3372, 569
0, 3496, 580
0, 3620, 568
0, 3745, 536
0, 3869, 512
0, 4000, 524
0, 4125, 553
0, 4249, 553
0, 4374, 514
0, 4498, 467
0, 4624, 463
0, 4749, 507
0, 4873, 563
0, 4999, 610
0, 5123, 615
0, 5248, 575
0, 5372, 527
0, 5497, 503
0, 5621, 499
0, 5745, 507
0, 5870, 525
0, 5998, 537
0, 6123, 521
0, 6247, 479
0, 6372, 451
0, 6496, 464
0, 6622, 490
0, 6747, 489
0, 6871, 471
0, 7000, 456
0, 7124, 449
0, 7249, 449
0, 7373, 456
0, 7498, 468
0, 7625, 484
0, 7749, 494
0, 7874, 500
0, 7999, 519
0, 8124, 537
0, 8248, 536
0, 8373, 518
0, 8497, 490
0, 8621, 472
0, 8746, 469
0, 8870, 476
0, 8998, 469
0, 9123, 447
0, 9247, 430
0, 9372, 438
0, 9496, 468
0, 9620, 499
0, 9745, 518
0, 9869, 515
0, 9997, 501
0, 10122, 479
0, 10246, 461
0, 10371, 456
0, 10495, 465
0, 10619, 479
0, 10744, 493
0, 10868, 498
0, 10999, 492
0, 11124, 483
0, 11248, 481
0, 11373, 480
0, 11497, 472
0, 11623, 459
0, 11748, 452
0, 11872, 454
0, 11998, 462
0, 12123, 463
0, 12247, 458
0, 12372, 453
0, 12496, 454
0, 12622, 472
0, 12747, 498
0, 12871, 522
0, 13000, 528
0, 13124, 517
0, 13249, 508
0, 13373, 509
0, 13498, 515
0, 13625, 520
0, 13749, 517
0, 13874, 505
0, 14000, 489
0, 14124, 473
0, 14249, 461
0, 14373, 456
0, 14498, 455
0, 14621, 463
0, 14746, 480
0, 14870, 501
0, 14999, 520
0, 15124, 535
0, 15248, 549
0, 15373, 556
0, 15497, 554
0, 15624, 541
0, 15748, 522
0, 15873, 501
0, 15998, 482
0, 16123, 469
0, 16247, 462
0, 16372, 463
0, 16496, 464
0, 16622, 471
0, 16747, 481
0, 16871, 499
0, 16997, 523
0, 17122, 538
0, 17246, 539
0, 17371, 531
0, 17495, 524
0, 17622, 518
0, 17746, 514
0, 17871, 509
0, 17999, 502
0, 18123, 501
0, 18248, 501
0, 18372, 505
0, 18497, 512
0, 18620, 517
0, 18745, 522
0, 18869, 523
0, 18998, 518
0, 19122, 508
0, 19247, 497
0, 19371, 492
0, 19496, 496
0, 19619, 507
0, 19744, 515
0, 19868, 514
0, 19997, 506
0, 20121, 498
0, 20246, 493
0, 20370, 491
0, 20495, 491
0, 20618, 494
0, 20743, 496
0, 20867, 495
0, 20998, 494
0, 21123, 493
0, 21247, 488
0, 21372, 487
0, 21496, 492
0, 21620, 499
0, 21745, 509
0, 21869, 512
0, 21998, 510
0, 22122, 507
0, 22247, 507
0, 22371, 515
0, 22496, 524
0, 22619, 534
0, 22744, 540
0, 22868, 543
0, 22997, 542
0, 23121, 539
0, 23246, 531
0, 23370, 526
0, 23495, 516
0, 23618, 507
0, 23743, 496
0, 23867, 486
0, 23998, 482
0, 24123, 482
0, 24247, 485
0, 24372, 489
0, 24496, 493
0, 24623, 499
0, 24747, 507
0, 24872, 521
0, 24997, 533
0, 25122, 538
0, 25246, 539
0, 25371, 536
0, 25495, 533
0, 25621, 535
0, 25746, 534
0, 25870, 530
0, 25996, 521
0, 26121, 514
0, 26245, 512
0, 26370, 513
0, 26494, 517
0, 26620, 520
0, 26745, 521
0, 26869, 524
0, 26998, 524
0, 27122, 525
0, 27247, 523
0, 27371, 522
0, 27496, 528
0, 27619, 533
0, 27744, 541
0, 27868, 545
0, 27997, 547
0, 28121, 548
0, 28246, 548
0, 28370, 545
0, 28495, 539
0, 28618, 531
0, 28743, 522
0, 28867, 513
0, 28998, 509
0, 29123, 509
0, 29247, 508
0, 29372, 511
0, 29496, 513
0, 29623, 517
0, 29747, 518
0, 29872, 516
0, 29997, 514
0, 30122, 513
0, 30246, 509
0, 30371, 507
0, 30495, 501
0, 30622, 496
0, 30746, 494
0, 30871, 494
0, 30997, 495
0, 31121, 495
0, 31246, 493
0, 31370, 491
0, 31495, 485
0, 31618, 480
0, 31743, 477
0, 31867, 478
0, 31996, 480
0, 32120, 486
0, 32245, 490
0, 32369, 493
0, 32494, 494
0, 32620, 494
0, 32744, 494
0, 32869, 495
0, 32997, 496
0, 33121, 498
0, 33246, 499
0, 33370, 499
0, 33495, 500
0, 33619, 499
1, -3708, 504
1, -3584, 506
1, -3457, 515
1, -3333, 504
1, -3209, 506
1, -3083, 504
1, -2959, 507
1, -2834, 504
1, -2710, 505
1, -2586, 506
1, -2461, 506
1, -2335, 505
1, -2211, 507
1, -2083, 506
1, -1958, 506
1, -1834, 506
1, -1709, 506
1, -1585, 505
1, -1459, 505
1, -1334, 506
1, -1210, 505
1, -1084, 507
1, -959, 502
1, -835, 516
1, -710, 493
1, -586, 501
1, -462, 530
1, -338, 521
1, -214, 512
1, -83, 467
1, 42, 456
1, 167, 465
1, 291, 490
1, 416, 556
1, 542, 627
1, 667, 646
1, 791, 591
1, 917, 501
1, 1041, 432
1, 1166, 405
1, 1290, 391
1, 1415, 377
1, 1541, 381
1, 1666, 383
1, 1791, 411
1, 1916, 441
1, 2041, 472
1, 2165, 501
1, 2290, 539
1, 2414, 582
1, 2539, 607
1, 2663, 618
1, 2787, 609
1, 2915, 583
1, 3040, 588
1, 3164, 580
1, 3289, 580
1, 3413, 596
1, 3538, 601
1, 3662, 611
1, 3786, 599
1, 3917, 560
1, 4042, 541
1, 4166, 505
1, 4291, 519
1, 4415, 558
1, 4541, 572
1, 4666, 556
1, 4790, 525
1, 4916, 505
1, 5040, 498
1, 5165, 499
1, 5289, 520
1, 5414, 537
1, 5538, 530
1, 5662, 490
1, 5787, 445
1, 5915, 432
1, 6040, 450
1, 6164, 478
1, 6289, 507
1, 6413, 508
1, 6538, 475
1, 6664, 438
1, 6788, 428
1, 6917, 450
1, 7041, 470
1, 7166, 484
1, 7290, 483
1, 7415, 479
1, 7542, 476
1, 7666, 477
1, 7791, 479
1, 7916, 481
1, 8041, 494
1, 8165, 496
1, 8290, 512
1, 8414, 528
1, 8539, 532
1, 8663, 529
1, 8787, 486
1, 8915, 435
1, 9040, 426
1, 9164, 463
1, 9289, 516
1, 9413, 541
1, 9538, 520
1, 9662, 482
1, 9786, 455
1, 9914, 457
1, 10039, 483
1, 10163, 508
1, 10288, 522
1, 10412, 528
1, 10537, 530
1, 10661, 524
1, 10785, 504
1, 10916, 484
1, 11041, 461
1, 11165, 473
1, 11290, 474
1, 11414, 471
1, 11539, 469
1, 11665, 478
1, 11790, 495
1, 11915, 501
1, 12040, 489
1, 12164, 472
1, 12289, 460
1, 12413, 457
1, 12538, 453
1, 12664, 447
1, 12788, 448
1, 12917, 467
1, 13041, 500
1, 13166, 523
1, 13290, 569
1, 13415, 582
1, 13542, 563
1, 13667, 520
1, 13791, 480
1, 13916, 458
1, 14041, 461
1, 14166, 473
1, 14290, 478
1, 14415, 471
1, 14539, 456
1, 14663, 443
1, 14787, 448
1, 14916, 473
1, 15041, 513
1, 15165, 534
1, 15290, 558
1, 15414, 556
1, 15539, 537
1, 15665, 510
1, 15790, 498
1, 15915, 498
1, 16040, 501
1, 16164, 504
1, 16289, 503
1, 16413, 500
1, 16538, 496
1, 16664, 502
1, 16789, 509
1, 16914, 516
1, 17039, 518
1, 17163, 519
1, 17288, 520
1, 17412, 524
1, 17537, 532
1, 17663, 540
1, 17788, 547
1, 17916, 554
1, 18040, 553
1, 18165, 543
1, 18289, 523
1, 18414, 502
1, 18538, 474
1, 18662, 481
1, 18787, 488
1, 18915, 496
1, 19039, 502
1, 19164, 507
1, 19288, 508
1, 19413, 497
1, 19537, 483
1, 19661, 474
1, 19786, 473
1, 19914, 475
1, 20038, 485
1, 20163, 490
1, 20287, 500
1, 20412, 508
1, 20536, 511
1, 20660, 517
1, 20785, 526
1, 20915, 530
1, 21040, 531
1, 21164, 529
1, 21289, 522
1, 21413, 515
1, 21538, 520
1, 21662, 504
1, 21786, 501
1, 21915, 509
1, 22039, 522
1, 22164, 537
1, 22288, 543
1, 22413, 536
1, 22537, 528
1, 22661, 525
1, 22785, 524
1, 22913, 529
1, 23038, 534
1, 23163, 536
1, 23287, 529
1, 23412, 519
1, 23536, 513
1, 23660, 506
1, 23784, 505
1, 23915, 505
1, 24040, 518
1, 24164, 507
1, 24289, 503
1, 24413, 501
1, 24538, 516
1, 24664, 519
1, 24789, 535
1, 24914, 543
1, 25039, 541
1, 25163, 535
1, 25288, 525
1, 25412, 515
1, 25537, 508
1, 25663, 501
1, 25787, 498
1, 25913, 497
1, 26038, 498
1, 26162, 504
1, 26287, 506
1, 26411, 507
1, 26536, 509
1, 26662, 510
1, 26786, 511
1, 26915, 511
1, 27039, 522
1, 27164, 508
1, 27288, 507
1, 27413, 507
1, 27537, 510
1, 27661, 516
1, 27785, 522
1, 27914, 528
1, 28038, 536
1, 28163, 540
1, 28287, 545
1, 28412, 541
1, 28536, 538
1, 28660, 534
1, 28784, 528
1, 28915, 524
1, 29040, 521
1, 29164, 517
1, 29289, 512
1, 29413, 510
1, 29538, 509
1, 29664, 517
1, 29789, 514
1, 29914, 512
1, 30039, 508
1, 30163, 503
1, 30288, 501
1, 30412, 501
1, 30537, 499
1, 30663, 501
1, 30788, 501
1, 30914, 499
1, 31038, 498
1, 31163, 497
1, 31287, 493
1, 31412, 491
1, 31536, 487
1, 31660, 486
1, 31784, 490
1, 31913, 493
1, 32037, 499
1, 32162, 500
1, 32286, 501
1, 32411, 497
1, 32535, 492
1, 32661, 490
1, 32786, 496
1, 32914, 502
1, 33038, 506
1, 33163, 509
1, 33287, 510
1, 33412, 505
1, 33536, 502
1, 33660, 502
2, -3667, 505
2, -3542, 504
2, -3416, 505
2, -3292, 505
2, -3167, 505
2, -3042, 505
2, -2917, 507
2, -2793, 505
2, -2669, 505
2, -2544, 505
2, -2418, 506
2, -2294, 506
2, -2169, 506
2, -2041, 505
2, -1917, 505
2, -1792, 504
2, -1668, 505
2, -1544, 506
2, -1417, 505
2, -1292, 505
2, -1168, 505
2, -1042, 506
2, -918, 505
2, -793, 506
2, -669, 506
2, -545, 503
2, -421, 507
2, -296, 503
2, -172, 506
2, -41, 515
2, 84, 498
2, 208, 494
2, 333, 510
2, 457, 522
2, 584, 521
2, 708, 491
2, 833, 459
2, 958, 477
2, 1083, 521
2, 1207, 562
2, 1332, 567
2, 1456, 541
2, 1583, 494
2, 1708, 458
2, 1832, 454
2, 1958, 472
2, 2082, 504
2, 2207, 510
2, 2331, 507
2, 2456, 511
2, 2580, 523
2, 2704, 533
2, 2829, 533
2, 2957, 528
2, 3081, 518
2, 3206, 493
2, 3330, 464
2, 3455, 448
2, 3579, 472
2, 3703, 518
2, 3828, 546
2, 3959, 542
2, 4083, 506
2, 4208, 473
2, 4332, 463
2, 4457, 457
2, 4583, 448
2, 4707, 435
2, 4832, 452
2, 4957, 492
2, 5082, 530
2, 5206, 563
2, 5331, 578
2, 5455, 571
2, 5579, 534
2, 5704, 490
2, 5828, 468
2, 5957, 467
2, 6081, 472
2, 6206, 479
2, 6330, 495
2, 6455, 530
2, 6581, 569
2, 6705, 581
2, 6830, 559
2, 6958, 518
2, 7083, 482
2, 7207, 463
2, 7332, 458
2, 7456, 470
2, 7583, 496
2, 7708, 531
2, 7832, 567
2, 7958, 592
2, 8082, 595
2, 8207, 581
2, 8331, 568
2, 8456, 564
2, 8580, 562
2, 8704, 551
2, 8829, 530
2, 8957, 502
2, 9081, 470
2, 9206, 448
2, 9330, 450
2, 9455, 474
2, 9579, 503
2, 9703, 515
2, 9828, 506
2, 9956, 485
2, 10080, 470
2, 10205, 474
2, 10329, 499
2, 10454, 527
2, 10578, 538
2, 10702, 533
2, 10827, 534
2, 10958, 554
2, 11082, 577
2, 11207, 578
2, 11331, 556
2, 11456, 526
2, 11582, 497
2, 11707, 479
2, 11831, 474
2, 11957, 483
2, 12081, 503
2, 12206, 523
2, 12330, 532
2, 12455, 530
2, 12581, 519
2, 12705, 508
2, 12830, 507
2, 12958, 515
2, 13083, 525
2, 13207, 527
2, 13332, 515
2, 13456, 492
2, 13584, 471
2, 13708, 460
2, 13833, 456
2, 13958, 449
2, 14083, 442
2, 14207, 437
2, 14332, 431
2, 14456, 425
2, 14580, 417
2, 14704, 404
2, 14829, 397
2, 14958, 404
2, 15082, 424
2, 15207, 448
2, 15331, 463
2, 15456, 461
2, 15582, 454
2, 15707, 453
2, 15831, 461
2, 15957, 474
2, 16081, 488
2, 16206, 500
2, 16330, 507
2, 16455, 503
2, 16581, 495
2, 16706, 493
2, 16830, 499
2, 16956, 511
2, 17080, 526
2, 17205, 537
2, 17329, 537
2, 17454, 524
2, 17580, 511
2, 17705, 506
2, 17829, 513
2, 17957, 529
2, 18082, 544
2, 18206, 556
2, 18331, 565
2, 18455, 568
2, 18579, 567
2, 18704, 560
2, 18828, 552
2, 18956, 552
2, 19081, 559
2, 19205, 568
2, 19330, 572
2, 19454, 571
2, 19578, 564
2, 19703, 553
2, 19827, 535
2, 19955, 514
2, 20080, 500
2, 20204, 493
2, 20329, 497
2, 20453, 500
2, 20577, 504
2, 20702, 508
2, 20826, 515
2, 20957, 520
2, 21081, 518
2, 21206, 508
2, 21330, 498
2, 21455, 490
2, 21579, 491
2, 21703, 494
2, 21828, 502
2, 21956, 509
2, 22081, 517
2, 22205, 525
2, 22330, 538
2, 22454, 551
2, 22578, 556
2, 22702, 549
2, 22827, 534
2, 22955, 514
2, 23080, 498
2, 23204, 492
2, 23329, 495
2, 23453, 500
2, 23577, 503
2, 23701, 504
2, 23826, 506
2, 23957, 509
2, 24081, 512
2, 24206, 514
2, 24330, 512
2, 24455, 506
2, 24581, 505
2, 24706, 507
2, 24830, 514
2, 24956, 521
2, 25080, 527
2, 25205, 527
2, 25329, 523
2, 25454, 519
2, 25580, 516
2, 25704, 517
2, 25829, 519
2, 25955, 517
2, 26079, 512
2, 26204, 509
2, 26328, 509
2, 26453, 514
2, 26579, 521
2, 26703, 524
2, 26828, 524
2, 26956, 523
2, 27081, 519
2, 27205, 517
2, 27330, 516
2, 27454, 514
2, 27578, 510
2, 27702, 501
2, 27827, 494
2, 27955, 490
2, 28080, 490
2, 28204, 490
2, 28329, 488
2, 28453, 484
2, 28577, 482
2, 28701, 482
2, 28826, 484
2, 28957, 487
2, 29081, 489
2, 29206, 487
2, 29330, 483
2, 29455, 481
2, 29581, 481
2, 29706, 482
2, 29830, 485
2, 29956, 485
2, 30080, 486
2, 30205, 486
2, 30329, 488
2, 30454, 490
2, 30580, 494
2, 30705, 500
2, 30829, 504
2, 30955, 507
2, 31080, 505
2, 31204, 504
2, 31329, 504
2, 31453, 505
2, 31577, 505
2, 31701, 506
2, 31826, 507
2, 31954, 505
2, 32079, 503
2, 32203, 501
2, 32328, 500
2, 32452, 500
2, 32578, 499
2, 32703, 495
2, 32827, 490
2, 32955, 484
2, 33080, 479
2, 33204, 475
2, 33329, 473
2, 33453, 474
2, 33577, 478
2, 33702, 483
