# 6in_(36.0,6.4)_0.txt
# UUID: 9d993936-19ca-460c-99db-34685b210d90
# Label: NO LABEL
0, -3748, 507
0, -3623, 506
0, -3499, 506
0, -3375, 506
0, -3250, 506
0, -3127, 507
0, -3002, 508
0, -2878, 508
0, -2747, 506
0, -2623, 508
0, -2498, 506
0, -2374, 506
0, -2250, 507
0, -2123, 506
0, -1999, 507
0, -1875, 507
0, -1746, 508
0, -1622, 507
0, -1498, 508
0, -1373, 506
0, -1249, 507
0, -1123, 508
0, -998, 508
0, -874, 508
0, -746, 507
0, -621, 503
0, -497, 522
0, -373, 499
0, -248, 460
0, -125, 529
0, 0, 644
0, 125, 637
0, 253, 430
0, 378, 257
0, 502, 276
0, 627, 421
0, 751, 517
0, 877, 557
0, 1002, 538
0, 1126, 526
0, 1255, 530
0, 1379, 536
0, 1504, 567
0, 1628, 618
0, 1753, 666
0, 1880, 702
0, 2004, 725
0, 2129, 714
0, 2254, 666
0, 2379, 603
0, 2503, 560
0, 2628, 537
0, 2752, 549
0, 2876, 555
0, 3001, 557
0, 3125, 575
0, 3253, 583
0, 3378, 575
0, 3502, 568
0, 3627, 556
0, 3751, 502
0, 3875, 456
0, 4000, 435
0, 4124, 467
0, 4256, 477
0, 4380, 455
0, 4505, 441
0, 4629, 466
0, 4754, 524
0, 4880, 565
0, 5005, 520
0, 5129, 444
0, 5255, 403
0, 5379, 419
0, 5504, 474
0, 5628, 499
0, 5753, 486
0, 5880, 435
0, 6004, 389
0, 6129, 378
0, 6254, 384
0, 6379, 395
0, 6503, 425
0, 6628, 470
0, 6752, 494
0, 6879, 468
0, 7003, 440
0, 7128, 453
0, 7256, 484
0, 7380, 496
0, 7505, 484
0, 7629, 474
0, 7754, 476
0, 7880, 479
0, 8005, 476
0, 8129, 474
0, 8255, 458
0, 8379, 449
0, 8504, 453
0, 8628, 468
0, 8753, 489
0, 8880, 509
0, 9004, 515
0, 9129, 502
0, 9257, 490
0, 9381, 493
0, 9506, 501
0, 9630, 506
0, 9755, 513
0, 9881, 528
0, 10006, 535
0, 10130, 530
0, 10256, 523
0, 10380, 510
0, 10505, 504
0, 10629, 511
0, 10754, 526
0, 10881, 543
0, 11005, 553
0, 11130, 553
0, 11255, 536
0, 11380, 505
0, 11504, 472
0, 11629, 450
0, 11753, 438
0, 11879, 438
0, 12004, 446
0, 12128, 466
0, 12257, 491
0, 12381, 508
0, 12506, 514
0, 12630, 523
0, 12755, 535
0, 12881, 535
0, 13006, 514
0, 13130, 497
0, 13256, 502
0, 13380, 512
0, 13505, 516
0, 13629, 513
0, 13754, 505
0, 13880, 486
0, 14005, 462
0, 14129, 452
0, 14257, 456
0, 14382, 458
0, 14506, 455
0, 14631, 456
0, 14755, 468
0, 14880, 488
0, 15004, 511
0, 15129, 530
0, 15257, 538
0, 15382, 531
0, 15506, 507
0, 15631, 479
0, 15755, 463
0, 15881, 468
0, 16006, 488
0, 16130, 508
0, 16259, 515
0, 16383, 514
0, 16508, 517
0, 16632, 526
0, 16757, 534
0, 16881, 535
0, 17005, 535
0, 17130, 537
0, 17258, 540
0, 17382, 535
0, 17507, 520
0, 17631, 505
0, 17756, 502
0, 17880, 515
0, 18004, 531
0, 18129, 543
0, 18257, 553
0, 18381, 560
0, 18506, 570
0, 18630, 580
0, 18755, 588
0, 18881, 589
0, 19006, 575
0, 19130, 553
0, 19259, 527
0, 19383, 510
0, 19508, 498
0, 19632, 487
0, 19757, 473
0, 19883, 458
0, 20007, 448
0, 20132, 448
0, 20258, 462
0, 20383, 482
0, 20507, 497
0, 20632, 501
0, 20756, 499
0, 20880, 496
0, 21004, 494
0, 21129, 494
0, 21260, 496
0, 21384, 500
0, 21509, 502
0, 21633, 497
0, 21758, 489
0, 21882, 483
0, 22006, 478
0, 22131, 475
0, 22259, 467
0, 22383, 460
0, 22508, 456
0, 22632, 459
0, 22757, 469
0, 22881, 479
0, 23005, 488
0, 23130, 499
0, 23258, 510
0, 23382, 515
0, 23507, 516
0, 23631, 520
0, 23756, 532
0, 23880, 553
0, 24004, 577
0, 24129, 593
0, 24260, 598
0, 24384, 597
0, 24509, 594
0, 24633, 593
0, 24758, 589
0, 24884, 586
0, 25009, 576
0, 25133, 565
0, 25259, 551
0, 25383, 542
0, 25508, 535
0, 25632, 533
0, 25757, 534
0, 25881, 538
0, 26005, 538
0, 26130, 536
0, 26261, 537
0, 26385, 537
0, 26510, 532
0, 26634, 521
0, 26759, 512
0, 26885, 503
0, 27009, 494
0, 27134, 486
0, 27259, 479
0, 27384, 476
0, 27508, 474
0, 27633, 477
0, 27757, 478
0, 27881, 482
0, 28006, 488
0, 28130, 494
0, 28261, 504
0, 28386, 512
0, 28510, 515
0, 28635, 512
0, 28759, 506
0, 28883, 500
0, 29007, 501
0, 29132, 508
0, 29260, 516
0, 29385, 523
0, 29509, 523
0, 29634, 520
0, 29758, 512
0, 29882, 507
0, 30007, 503
0, 30131, 500
0, 30260, 496
0, 30384, 496
0, 30509, 498
0, 30633, 504
0, 30758, 511
0, 30884, 518
0, 31009, 520
0, 31133, 521
0, 31261, 519
0, 31386, 517
0, 31510, 519
0, 31635, 525
0, 31759, 532
0, 31883, 537
0, 32008, 541
0, 32132, 544
0, 32261, 542
0, 32385, 541
0, 32510, 539
0, 32634, 538
0, 32759, 540
0, 32885, 543
0, 33009, 547
0, 33134, 548
0, 33262, 549
0, 33387, 549
0, 33511, 548
0, 33636, 549
1, -3706, 506
1, -3582, 505
1, -3458, 506
1, -3333, 504
1, -3209, 505
1, -3085, 507
1, -2961, 507
1, -2830, 506
1, -2706, 506
1, -2581, 507
1, -2457, 506
1, -2333, 506
1, -2208, 508
1, -2082, 506
1, -1958, 507
1, -1829, 510
1, -1705, 505
1, -1581, 506
1, -1456, 506
1, -1332, 505
1, -1207, 505
1, -1081, 506
1, -957, 506
1, -829, 506
1, -704, 506
1, -580, 507
1, -456, 505
1, -331, 505
1, -207, 505
1, -83, 505
1, 42, 509
1, 170, 503
1, 295, 501
1, 419, 514
1, 544, 516
1, 668, 507
1, 793, 479
1, 919, 489
1, 1043, 522
1, 1172, 563
1, 1296, 584
1, 1421, 530
1, 1545, 437
1, 1670, 361
1, 1797, 380
1, 1921, 459
1, 2046, 555
1, 2171, 606
1, 2296, 621
1, 2420, 607
1, 2545, 574
1, 2669, 523
1, 2794, 461
1, 2918, 445
1, 3042, 483
1, 3170, 517
1, 3295, 517
1, 3419, 452
1, 3544, 425
1, 3668, 436
1, 3793, 452
1, 3917, 493
1, 4041, 515
1, 4173, 529
1, 4297, 529
1, 4422, 502
1, 4546, 504
1, 4671, 501
1, 4797, 529
1, 4922, 553
1, 5046, 547
1, 5172, 548
1, 5296, 553
1, 5421, 580
1, 5545, 577
1, 5670, 540
1, 5796, 494
1, 5921, 472
1, 6046, 489
1, 6171, 523
1, 6296, 548
1, 6420, 545
1, 6545, 513
1, 6669, 483
1, 6794, 484
1, 6920, 512
1, 7045, 545
1, 7173, 563
1, 7297, 563
1, 7422, 528
1, 7546, 502
1, 7671, 489
1, 7797, 496
1, 7922, 532
1, 8046, 571
1, 8172, 584
1, 8296, 560
1, 8421, 532
1, 8545, 518
1, 8670, 510
1, 8797, 496
1, 8921, 481
1, 9046, 458
1, 9174, 451
1, 9298, 467
1, 9423, 494
1, 9547, 495
1, 9672, 479
1, 9798, 454
1, 9923, 470
1, 10047, 494
1, 10173, 511
1, 10298, 517
1, 10422, 510
1, 10547, 508
1, 10671, 511
1, 10798, 508
1, 10922, 499
1, 11047, 488
1, 11172, 466
1, 11297, 446
1, 11421, 443
1, 11546, 475
1, 11670, 519
1, 11797, 554
1, 11921, 547
1, 12046, 510
1, 12174, 469
1, 12298, 453
1, 12423, 458
1, 12547, 472
1, 12672, 469
1, 12798, 461
1, 12923, 461
1, 13047, 476
1, 13173, 497
1, 13297, 504
1, 13422, 503
1, 13546, 487
1, 13671, 473
1, 13797, 474
1, 13922, 483
1, 14046, 497
1, 14174, 493
1, 14299, 478
1, 14424, 460
1, 14548, 459
1, 14673, 475
1, 14796, 494
1, 14921, 508
1, 15046, 515
1, 15174, 502
1, 15299, 485
1, 15423, 480
1, 15548, 488
1, 15672, 516
1, 15798, 542
1, 15923, 559
1, 16048, 560
1, 16176, 550
1, 16300, 534
1, 16425, 518
1, 16549, 504
1, 16674, 495
1, 16798, 491
1, 16922, 484
1, 17047, 478
1, 17175, 472
1, 17299, 462
1, 17424, 467
1, 17548, 482
1, 17673, 503
1, 17797, 524
1, 17921, 541
1, 18046, 550
1, 18174, 556
1, 18298, 561
1, 18423, 559
1, 18547, 548
1, 18672, 532
1, 18798, 522
1, 18923, 514
1, 19047, 512
1, 19176, 497
1, 19300, 478
1, 19425, 457
1, 19549, 444
1, 19674, 438
1, 19800, 439
1, 19925, 445
1, 20049, 457
1, 20175, 466
1, 20300, 469
1, 20424, 479
1, 20549, 491
1, 20673, 504
1, 20797, 514
1, 20921, 518
1, 21046, 525
1, 21177, 527
1, 21301, 524
1, 21426, 527
1, 21550, 523
1, 21675, 530
1, 21799, 545
1, 21923, 560
1, 22048, 568
1, 22176, 564
1, 22300, 572
1, 22425, 565
1, 22549, 561
1, 22674, 563
1, 22798, 568
1, 22922, 576
1, 23047, 575
1, 23175, 562
1, 23299, 544
1, 23424, 528
1, 23548, 522
1, 23673, 516
1, 23797, 510
1, 23921, 491
1, 24046, 469
1, 24177, 448
1, 24301, 438
1, 24426, 443
1, 24550, 458
1, 24675, 471
1, 24801, 476
1, 24926, 471
1, 25050, 461
1, 25176, 449
1, 25300, 442
1, 25425, 437
1, 25549, 438
1, 25674, 440
1, 25798, 452
1, 25922, 463
1, 26047, 478
1, 26177, 486
1, 26302, 496
1, 26427, 504
1, 26551, 512
1, 26676, 524
1, 26802, 534
1, 26926, 539
1, 27051, 548
1, 27176, 553
1, 27301, 559
1, 27426, 564
1, 27550, 567
1, 27675, 572
1, 27798, 580
1, 27923, 585
1, 28047, 584
1, 28178, 581
1, 28303, 571
1, 28427, 573
1, 28552, 571
1, 28676, 572
1, 28800, 575
1, 28924, 574
1, 29049, 573
1, 29177, 561
1, 29302, 549
1, 29426, 541
1, 29551, 534
1, 29675, 526
1, 29799, 520
1, 29924, 505
1, 30048, 489
1, 30177, 473
1, 30301, 464
1, 30426, 460
1, 30550, 466
1, 30675, 472
1, 30801, 476
1, 30926, 478
1, 31050, 475
1, 31178, 468
1, 31303, 471
1, 31427, 462
1, 31552, 464
1, 31676, 465
1, 31800, 461
1, 31925, 459
1, 32049, 452
1, 32178, 449
1, 32302, 449
1, 32427, 454
1, 32551, 458
1, 32676, 463
1, 32802, 466
1, 32926, 467
1, 33051, 471
1, 33179, 475
1, 33304, 473
1, 33428, 482
1, 33553, 487
1, 33677, 486
2, -3665, 506
2, -3540, 506
2, -3416, 505
2, -3292, 506
2, -3168, 506
2, -3044, 505
2, -2919, 505
2, -2789, 504
2, -2664, 506
2, -2540, 506
2, -2415, 506
2, -2291, 507
2, -2165, 506
2, -2040, 505
2, -1916, 505
2, -1788, 506
2, -1663, 505
2, -1539, 505
2, -1415, 504
2, -1290, 505
2, -1164, 506
2, -1040, 506
2, -915, 507
2, -787, 505
2, -663, 505
2, -539, 505
2, -414, 506
2, -290, 505
2, -166, 507
2, -42, 505
2, 83, 505
2, 212, 507
2, 336, 503
2, 461, 510
2, 585, 505
2, 710, 498
2, 836, 519
2, 960, 504
2, 1085, 495
2, 1213, 490
2, 1338, 514
2, 1462, 554
2, 1587, 521
2, 1711, 460
2, 1838, 429
2, 1963, 473
2, 2087, 560
2, 2213, 576
2, 2337, 537
2, 2462, 495
2, 2586, 492
2, 2711, 509
2, 2835, 504
2, 2959, 478
2, 3084, 466
2, 3212, 472
2, 3336, 497
2, 3461, 526
2, 3585, 544
2, 3710, 527
2, 3834, 507
2, 3958, 505
2, 4083, 530
2, 4214, 548
2, 4339, 533
2, 4463, 505
2, 4588, 473
2, 4712, 447
2, 4839, 441
2, 4963, 471
2, 5088, 520
2, 5213, 550
2, 5338, 543
2, 5462, 527
2, 5587, 499
2, 5711, 466
2, 5838, 423
2, 5963, 403
2, 6087, 441
2, 6213, 505
2, 6337, 549
2, 6462, 551
2, 6586, 549
2, 6711, 560
2, 6837, 548
2, 6962, 509
2, 7086, 464
2, 7214, 441
2, 7339, 431
2, 7463, 438
2, 7588, 455
2, 7712, 477
2, 7839, 499
2, 7963, 511
2, 8088, 523
2, 8213, 544
2, 8338, 557
2, 8462, 557
2, 8587, 552
2, 8711, 562
2, 8838, 572
2, 8963, 555
2, 9087, 517
2, 9215, 503
2, 9340, 525
2, 9464, 558
2, 9589, 579
2, 9713, 585
2, 9840, 573
2, 9964, 542
2, 10089, 506
2, 10215, 474
2, 10339, 461
2, 10464, 461
2, 10588, 466
2, 10713, 478
2, 10839, 485
2, 10964, 481
2, 11088, 470
2, 11214, 460
2, 11338, 458
2, 11463, 462
2, 11587, 474
2, 11712, 488
2, 11838, 502
2, 11963, 516
2, 12087, 529
2, 12215, 533
2, 12340, 523
2, 12464, 505
2, 12589, 496
2, 12713, 498
2, 12840, 510
2, 12964, 526
2, 13089, 540
2, 13214, 552
2, 13339, 565
2, 13463, 579
2, 13588, 584
2, 13712, 581
2, 13839, 579
2, 13963, 589
2, 14088, 596
2, 14216, 589
2, 14341, 573
2, 14465, 560
2, 14590, 549
2, 14714, 534
2, 14838, 518
2, 14963, 509
2, 15087, 499
2, 15216, 478
2, 15340, 439
2, 15465, 402
2, 15589, 384
2, 15714, 384
2, 15840, 390
2, 15965, 389
2, 16089, 384
2, 16217, 381
2, 16342, 381
2, 16466, 380
2, 16591, 379
2, 16715, 389
2, 16839, 395
2, 16964, 397
2, 17088, 398
2, 17216, 402
2, 17341, 407
2, 17465, 413
2, 17590, 420
2, 17714, 426
2, 17838, 432
2, 17963, 440
2, 18087, 452
2, 18215, 465
2, 18340, 476
2, 18464, 483
2, 18589, 492
2, 18713, 505
2, 18840, 518
2, 18964, 528
2, 19089, 540
2, 19217, 557
2, 19342, 570
2, 19466, 584
2, 19591, 591
2, 19715, 590
2, 19842, 589
2, 19966, 587
2, 20091, 591
2, 20217, 596
2, 20341, 597
2, 20466, 597
2, 20590, 593
2, 20715, 591
2, 20838, 586
2, 20963, 577
2, 21087, 567
2, 21218, 553
2, 21343, 537
2, 21467, 527
2, 21592, 526
2, 21716, 535
2, 21840, 543
2, 21965, 547
2, 22089, 545
2, 22217, 544
2, 22342, 544
2, 22466, 545
2, 22591, 541
2, 22715, 538
2, 22839, 538
2, 22964, 538
2, 23088, 538
2, 23216, 534
2, 23341, 535
2, 23465, 540
2, 23590, 545
2, 23714, 548
2, 23838, 548
2, 23963, 546
2, 24087, 542
2, 24218, 533
2, 24343, 526
2, 24467, 521
2, 24592, 521
2, 24716, 526
2, 24843, 530
2, 24967, 534
2, 25092, 537
2, 25217, 537
2, 25342, 537
2, 25466, 538
2, 25591, 537
2, 25715, 534
2, 25839, 527
2, 25964, 519
2, 26088, 513
2, 26219, 508
2, 26344, 509
2, 26468, 514
2, 26593, 519
2, 26717, 518
2, 26843, 511
2, 26968, 504
2, 27092, 502
2, 27218, 506
2, 27343, 512
2, 27467, 517
2, 27592, 518
2, 27716, 517
2, 27840, 513
2, 27964, 506
2, 28089, 502
2, 28220, 499
2, 28344, 495
2, 28469, 489
2, 28593, 482
2, 28718, 482
2, 28841, 483
2, 28966, 482
2, 29090, 477
2, 29219, 466
2, 29343, 456
2, 29468, 454
2, 29592, 455
2, 29717, 461
2, 29841, 465
2, 29965, 468
2, 30090, 468
2, 30218, 471
2, 30343, 476
2, 30467, 484
2, 30592, 490
2, 30716, 494
2, 30843, 497
2, 30967, 497
2, 31092, 494
2, 31220, 488
2, 31344, 484
2, 31469, 482
2, 31593, 482
2, 31718, 484
2, 31842, 484
2, 31966, 485
2, 32091, 481
2, 32219, 477
2, 32344, 475
2, 32468, 473
2, 32593, 471
2, 32717, 471
2, 32843, 470
2, 32968, 469
2, 33092, 470
2, 33221, 470
2, 33345, 469
2, 33470, 467
2, 33594, 468
2, 33719, 468
