# 6in_(42.0,6.4)_1.txt
# UUID: e577b285-9b83-4e6b-9907-27664651ca4f
# Label: NO LABEL
0, -3750, 509
0, -3625, 511
0, -3501, 510
0, -3372, 511
0, -3248, 511
0, -3123, 510
0, -2999, 510
0, -2875, 510
0, -2750, 509
0, -2626, 510
0, -2501, 509
0, -2373, 510
0, -2249, 509
0, -2125, 510
0, -2000, 509
0, -1876, 510
0, -1751, 510
0, -1627, 509
0, -1503, 509
0, -1372, 509
0, -1247, 508
0, -1123, 510
0, -999, 509
0, -874, 510
0, -750, 509
0, -626, 511
0, -501, 507
0, -373, 522
0, -249, 547
0, -124, 446
0, 0, 364
0, 125, 338
0, 250, 470
0, 374, 669
0, 499, 831
0, 627, 904
0, 752, 813
0, 876, 695
0, 1001, 593
0, 1125, 565
0, 1250, 531
0, 1374, 509
0, 1499, 515
0, 1627, 515
0, 1751, 498
0, 1876, 478
0, 2000, 466
0, 2125, 464
0, 2249, 463
0, 2374, 457
0, 2498, 453
0, 2627, 452
0, 2751, 464
0, 2876, 473
0, 3000, 470
0, 3125, 441
0, 3249, 401
0, 3374, 374
0, 3498, 357
0, 3626, 378
0, 3751, 417
0, 3875, 448
0, 4000, 483
0, 4124, 512
0, 4249, 521
0, 4373, 523
0, 4498, 509
0, 4629, 480
0, 4753, 452
0, 4878, 427
0, 5002, 433
0, 5127, 443
0, 5251, 415
0, 5376, 384
0, 5500, 374
0, 5629, 387
0, 5753, 411
0, 5878, 451
0, 6002, 478
0, 6126, 465
0, 6251, 449
0, 6375, 447
0, 6500, 474
0, 6628, 488
0, 6753, 487
0, 6877, 491
0, 7002, 490
0, 7126, 479
0, 7251, 460
0, 7375, 452
0, 7500, 465
0, 7628, 493
0, 7752, 513
0, 7877, 502
0, 8001, 464
0, 8126, 434
0, 8250, 439
0, 8375, 481
0, 8499, 532
0, 8628, 554
0, 8752, 544
0, 8877, 523
0, 9001, 503
0, 9126, 504
0, 9250, 523
0, 9375, 535
0, 9499, 533
0, 9628, 505
0, 9752, 488
0, 9877, 493
0, 10001, 510
0, 10126, 534
0, 10250, 535
0, 10375, 513
0, 10499, 487
0, 10627, 474
0, 10752, 488
0, 10876, 503
0, 11001, 513
0, 11125, 521
0, 11250, 520
0, 11374, 513
0, 11499, 503
0, 11627, 499
0, 11752, 502
0, 11876, 508
0, 12001, 524
0, 12125, 542
0, 12250, 551
0, 12374, 538
0, 12499, 516
0, 12628, 497
0, 12752, 479
0, 12877, 464
0, 13001, 470
0, 13126, 496
0, 13250, 511
0, 13375, 499
0, 13499, 472
0, 13628, 461
0, 13752, 473
0, 13877, 488
0, 14001, 487
0, 14125, 472
0, 14250, 462
0, 14374, 468
0, 14499, 484
0, 14627, 498
0, 14752, 505
0, 14876, 501
0, 15001, 489
0, 15125, 471
0, 15250, 452
0, 15374, 448
0, 15499, 460
0, 15627, 480
0, 15752, 490
0, 15876, 489
0, 16001, 483
0, 16125, 485
0, 16250, 495
0, 16374, 514
0, 16499, 529
0, 16627, 529
0, 16751, 520
0, 16876, 516
0, 17000, 524
0, 17125, 530
0, 17249, 526
0, 17374, 520
0, 17498, 517
0, 17627, 517
0, 17751, 524
0, 17876, 534
0, 18000, 538
0, 18125, 537
0, 18249, 537
0, 18374, 541
0, 18498, 547
0, 18627, 545
0, 18751, 543
0, 18876, 538
0, 19000, 531
0, 19125, 527
0, 19249, 528
0, 19374, 537
0, 19498, 540
0, 19627, 536
0, 19751, 537
0, 19876, 545
0, 20000, 556
0, 20125, 564
0, 20249, 562
0, 20374, 546
0, 20498, 521
0, 20626, 488
0, 20751, 461
0, 20875, 444
0, 21000, 437
0, 21124, 432
0, 21249, 430
0, 21373, 431
0, 21498, 435
0, 21626, 436
0, 21751, 437
0, 21875, 441
0, 22000, 446
0, 22124, 453
0, 22249, 461
0, 22373, 471
0, 22498, 482
0, 22626, 490
0, 22750, 488
0, 22875, 482
0, 22999, 479
0, 23123, 482
0, 23247, 490
0, 23372, 501
0, 23496, 514
0, 23627, 526
0, 23752, 532
0, 23876, 533
0, 24001, 532
0, 24125, 531
0, 24250, 531
0, 24374, 530
0, 24499, 524
0, 24627, 515
0, 24751, 510
0, 24876, 507
0, 25000, 508
0, 25125, 514
0, 25249, 524
0, 25374, 539
0, 25498, 557
0, 25627, 572
0, 25751, 582
0, 25876, 588
0, 26000, 591
0, 26125, 589
0, 26249, 581
0, 26374, 571
0, 26498, 560
0, 26627, 550
0, 26751, 542
0, 26876, 533
0, 27000, 524
0, 27125, 515
0, 27249, 508
0, 27374, 506
0, 27498, 508
0, 27626, 512
0, 27751, 517
0, 27875, 525
0, 28000, 533
0, 28124, 537
0, 28249, 537
0, 28373, 531
0, 28498, 522
0, 28627, 515
0, 28751, 512
0, 28876, 511
0, 29000, 507
0, 29125, 504
0, 29249, 502
0, 29374, 499
0, 29498, 499
0, 29627, 497
0, 29751, 499
0, 29876, 500
0, 30000, 503
0, 30125, 507
0, 30249, 518
0, 30374, 532
0, 30498, 546
0, 30626, 555
0, 30751, 557
0, 30875, 553
0, 31000, 550
0, 31125, 549
0, 31249, 551
0, 31374, 556
0, 31498, 562
0, 31626, 564
0, 31751, 561
0, 31875, 557
0, 32000, 552
0, 32124, 547
0, 32249, 543
0, 32373, 539
0, 32498, 539
0, 32626, 539
0, 32751, 539
0, 32875, 537
0, 33000, 535
0, 33124, 533
0, 33248, 529
0, 33373, 524
0, 33497, 520
0, 33626, 520
1, -3708, 508
1, -3584, 508
1, -3459, 507
1, -3331, 507
1, -3206, 507
1, -3082, 506
1, -2957, 506
1, -2833, 507
1, -2709, 506
1, -2584, 507
1, -2460, 508
1, -2332, 507
1, -2207, 507
1, -2083, 507
1, -1959, 506
1, -1834, 507
1, -1710, 508
1, -1586, 509
1, -1461, 507
1, -1330, 507
1, -1206, 508
1, -1082, 508
1, -957, 507
1, -833, 506
1, -708, 507
1, -584, 506
1, -460, 507
1, -332, 506
1, -207, 505
1, -83, 507
1, 42, 505
1, 167, 505
1, 291, 507
1, 416, 506
1, 540, 509
1, 669, 506
1, 793, 508
1, 918, 508
1, 1042, 507
1, 1167, 503
1, 1291, 498
1, 1416, 522
1, 1540, 533
1, 1668, 520
1, 1793, 479
1, 1917, 444
1, 2042, 453
1, 2166, 515
1, 2291, 597
1, 2415, 635
1, 2540, 586
1, 2668, 477
1, 2793, 408
1, 2917, 384
1, 3042, 383
1, 3166, 409
1, 3291, 456
1, 3415, 520
1, 3540, 554
1, 3668, 537
1, 3792, 537
1, 3917, 540
1, 4041, 567
1, 4166, 604
1, 4290, 597
1, 4415, 561
1, 4539, 503
1, 4670, 487
1, 4795, 528
1, 4919, 545
1, 5044, 537
1, 5168, 504
1, 5293, 476
1, 5417, 479
1, 5542, 479
1, 5670, 486
1, 5795, 502
1, 5919, 516
1, 6043, 519
1, 6168, 496
1, 6292, 462
1, 6417, 450
1, 6541, 480
1, 6670, 534
1, 6794, 561
1, 6919, 544
1, 7043, 501
1, 7168, 471
1, 7292, 464
1, 7417, 476
1, 7541, 497
1, 7669, 518
1, 7794, 532
1, 7918, 529
1, 8043, 524
1, 8167, 512
1, 8292, 498
1, 8416, 497
1, 8541, 506
1, 8669, 519
1, 8794, 522
1, 8918, 518
1, 9043, 520
1, 9167, 526
1, 9292, 542
1, 9416, 558
1, 9541, 562
1, 9669, 545
1, 9794, 512
1, 9918, 492
1, 10043, 497
1, 10167, 518
1, 10292, 539
1, 10416, 540
1, 10541, 519
1, 10669, 489
1, 10793, 472
1, 10918, 474
1, 11042, 484
1, 11167, 485
1, 11291, 480
1, 11416, 484
1, 11540, 495
1, 11669, 501
1, 11793, 489
1, 11918, 476
1, 12042, 475
1, 12167, 488
1, 12291, 496
1, 12416, 484
1, 12540, 482
1, 12669, 484
1, 12794, 509
1, 12918, 529
1, 13043, 529
1, 13167, 513
1, 13292, 498
1, 13416, 500
1, 13541, 513
1, 13669, 522
1, 13794, 520
1, 13918, 512
1, 14043, 505
1, 14167, 498
1, 14292, 491
1, 14416, 480
1, 14541, 478
1, 14669, 484
1, 14793, 494
1, 14918, 500
1, 15042, 499
1, 15167, 497
1, 15291, 497
1, 15416, 500
1, 15540, 507
1, 15669, 511
1, 15793, 513
1, 15918, 509
1, 16042, 494
1, 16167, 473
1, 16291, 454
1, 16416, 450
1, 16540, 457
1, 16668, 466
1, 16793, 469
1, 16917, 469
1, 17042, 472
1, 17166, 482
1, 17291, 494
1, 17415, 498
1, 17540, 491
1, 17668, 480
1, 17793, 474
1, 17917, 477
1, 18042, 485
1, 18166, 498
1, 18291, 507
1, 18415, 513
1, 18540, 521
1, 18668, 521
1, 18793, 517
1, 18917, 514
1, 19042, 516
1, 19166, 520
1, 19291, 525
1, 19415, 533
1, 19540, 544
1, 19668, 551
1, 19793, 551
1, 19917, 542
1, 20042, 538
1, 20166, 539
1, 20291, 546
1, 20415, 556
1, 20540, 564
1, 20668, 562
1, 20792, 554
1, 20917, 541
1, 21041, 531
1, 21166, 517
1, 21290, 510
1, 21415, 503
1, 21539, 502
1, 21668, 496
1, 21792, 483
1, 21917, 462
1, 22041, 440
1, 22166, 428
1, 22290, 426
1, 22415, 433
1, 22539, 439
1, 22667, 440
1, 22792, 435
1, 22916, 438
1, 23040, 445
1, 23164, 458
1, 23289, 472
1, 23413, 480
1, 23538, 479
1, 23669, 479
1, 23793, 478
1, 23918, 478
1, 24042, 483
1, 24167, 492
1, 24291, 507
1, 24416, 517
1, 24540, 523
1, 24668, 525
1, 24793, 525
1, 24917, 526
1, 25042, 530
1, 25166, 534
1, 25291, 543
1, 25415, 555
1, 25540, 567
1, 25668, 577
1, 25793, 581
1, 25917, 580
1, 26042, 572
1, 26166, 561
1, 26291, 546
1, 26415, 533
1, 26540, 524
1, 26668, 520
1, 26793, 517
1, 26917, 519
1, 27042, 524
1, 27166, 528
1, 27291, 529
1, 27415, 524
1, 27540, 522
1, 27668, 523
1, 27792, 527
1, 27917, 526
1, 28041, 519
1, 28166, 513
1, 28290, 507
1, 28415, 505
1, 28539, 505
1, 28668, 502
1, 28793, 502
1, 28917, 502
1, 29042, 507
1, 29166, 511
1, 29291, 515
1, 29415, 516
1, 29540, 518
1, 29668, 520
1, 29793, 524
1, 29917, 529
1, 30042, 536
1, 30166, 543
1, 30291, 549
1, 30415, 547
1, 30540, 540
1, 30668, 532
1, 30793, 526
1, 30917, 520
1, 31042, 514
1, 31166, 505
1, 31291, 494
1, 31415, 483
1, 31540, 475
1, 31668, 467
1, 31792, 464
1, 31917, 461
1, 32041, 459
1, 32166, 455
1, 32290, 448
1, 32415, 439
1, 32539, 433
1, 32668, 432
1, 32792, 429
1, 32917, 431
1, 33041, 432
1, 33166, 432
1, 33290, 438
1, 33415, 444
1, 33539, 452
1, 33667, 465
2, -3667, 503
2, -3542, 505
2, -3414, 506
2, -3289, 505
2, -3165, 506
2, -3040, 505
2, -2916, 506
2, -2792, 503
2, -2667, 504
2, -2543, 506
2, -2415, 506
2, -2290, 504
2, -2166, 504
2, -2042, 506
2, -1917, 504
2, -1793, 507
2, -1669, 504
2, -1544, 505
2, -1413, 499
2, -1289, 504
2, -1165, 505
2, -1040, 506
2, -916, 505
2, -791, 506
2, -667, 505
2, -543, 503
2, -415, 505
2, -290, 505
2, -166, 505
2, -41, 503
2, 84, 503
2, 208, 506
2, 333, 505
2, 457, 506
2, 586, 503
2, 710, 506
2, 835, 504
2, 959, 507
2, 1084, 503
2, 1208, 498
2, 1333, 515
2, 1457, 509
2, 1585, 499
2, 1710, 478
2, 1834, 496
2, 1959, 547
2, 2083, 544
2, 2208, 498
2, 2332, 443
2, 2457, 446
2, 2585, 505
2, 2710, 545
2, 2834, 546
2, 2959, 537
2, 3083, 522
2, 3208, 510
2, 3332, 494
2, 3457, 469
2, 3585, 460
2, 3709, 469
2, 3834, 493
2, 3958, 502
2, 4083, 494
2, 4207, 479
2, 4332, 500
2, 4456, 555
2, 4587, 588
2, 4712, 567
2, 4836, 524
2, 4961, 498
2, 5085, 495
2, 5210, 495
2, 5334, 488
2, 5459, 490
2, 5587, 497
2, 5712, 524
2, 5836, 534
2, 5961, 520
2, 6085, 486
2, 6209, 460
2, 6334, 460
2, 6458, 490
2, 6587, 528
2, 6711, 531
2, 6836, 502
2, 6960, 477
2, 7085, 481
2, 7209, 485
2, 7334, 471
2, 7458, 458
2, 7586, 463
2, 7711, 494
2, 7835, 505
2, 7960, 515
2, 8084, 516
2, 8209, 516
2, 8333, 506
2, 8458, 481
2, 8586, 460
2, 8711, 446
2, 8835, 466
2, 8960, 482
2, 9084, 490
2, 9209, 503
2, 9333, 505
2, 9458, 493
2, 9586, 473
2, 9711, 474
2, 9835, 482
2, 9960, 495
2, 10084, 510
2, 10209, 525
2, 10333, 528
2, 10458, 522
2, 10586, 532
2, 10710, 560
2, 10835, 594
2, 10959, 608
2, 11084, 611
2, 11208, 614
2, 11333, 623
2, 11457, 632
2, 11586, 637
2, 11710, 625
2, 11835, 606
2, 11959, 582
2, 12084, 554
2, 12208, 528
2, 12333, 501
2, 12457, 473
2, 12586, 446
2, 12711, 436
2, 12835, 447
2, 12960, 441
2, 13084, 440
2, 13209, 434
2, 13333, 426
2, 13458, 430
2, 13586, 440
2, 13711, 453
2, 13835, 435
2, 13960, 423
2, 14084, 419
2, 14209, 428
2, 14333, 449
2, 14458, 479
2, 14586, 506
2, 14710, 519
2, 14835, 500
2, 14959, 489
2, 15084, 489
2, 15208, 493
2, 15333, 509
2, 15457, 534
2, 15586, 566
2, 15710, 581
2, 15835, 587
2, 15959, 574
2, 16084, 553
2, 16208, 535
2, 16333, 521
2, 16457, 516
2, 16585, 512
2, 16710, 506
2, 16834, 490
2, 16959, 477
2, 17083, 469
2, 17208, 469
2, 17332, 468
2, 17457, 467
2, 17585, 469
2, 17710, 461
2, 17834, 460
2, 17959, 464
2, 18083, 470
2, 18208, 468
2, 18332, 461
2, 18457, 464
2, 18585, 475
2, 18710, 501
2, 18834, 512
2, 18959, 512
2, 19083, 503
2, 19208, 492
2, 19332, 485
2, 19457, 483
2, 19585, 494
2, 19710, 492
2, 19834, 495
2, 19959, 494
2, 20083, 492
2, 20208, 489
2, 20332, 493
2, 20457, 503
2, 20585, 521
2, 20709, 515
2, 20834, 517
2, 20958, 519
2, 21083, 519
2, 21207, 522
2, 21332, 531
2, 21456, 540
2, 21585, 545
2, 21709, 545
2, 21834, 548
2, 21958, 553
2, 22083, 558
2, 22207, 563
2, 22332, 564
2, 22456, 569
2, 22584, 570
2, 22709, 567
2, 22833, 566
2, 22958, 567
2, 23081, 570
2, 23206, 575
2, 23330, 582
2, 23455, 580
2, 23586, 576
2, 23710, 570
2, 23835, 575
2, 23959, 557
2, 24084, 551
2, 24208, 544
2, 24333, 538
2, 24457, 529
2, 24585, 520
2, 24710, 503
2, 24834, 501
2, 24959, 503
2, 25083, 508
2, 25208, 513
2, 25332, 513
2, 25457, 509
2, 25585, 508
2, 25710, 507
2, 25834, 510
2, 25959, 521
2, 26083, 528
2, 26208, 527
2, 26332, 525
2, 26457, 525
2, 26585, 530
2, 26710, 524
2, 26834, 528
2, 26959, 524
2, 27083, 522
2, 27208, 519
2, 27332, 521
2, 27457, 525
2, 27585, 530
2, 27709, 533
2, 27834, 533
2, 27958, 529
2, 28083, 525
2, 28207, 523
2, 28332, 521
2, 28456, 516
2, 28585, 508
2, 28710, 498
2, 28834, 501
2, 28959, 479
2, 29083, 470
2, 29208, 461
2, 29332, 454
2, 29457, 453
2, 29585, 456
2, 29710, 470
2, 29834, 472
2, 29959, 478
2, 30083, 484
2, 30208, 485
2, 30332, 488
2, 30457, 493
2, 30585, 499
2, 30710, 500
2, 30834, 497
2, 30959, 498
2, 31083, 501
2, 31208, 504
2, 31332, 500
2, 31457, 496
2, 31585, 492
2, 31709, 485
2, 31834, 482
2, 31958, 478
2, 32083, 475
2, 32207, 469
2, 32332, 464
2, 32456, 459
2, 32585, 456
2, 32709, 460
2, 32834, 452
2, 32958, 455
2, 33083, 456
2, 33207, 458
2, 33332, 461
2, 33456, 464
2, 33584, 461
2, 33709, 468
