# 6in_(48.0,6.4)_1.txt
# UUID: d5ef4b04-2fa0-40cd-97dd-fd9511864921
# Label: NO LABEL
0, -3751, 516
0, -3626, 517
0, -3501, 517
0, -3377, 516
0, -3249, 516
0, -3125, 516
0, -3000, 516
0, -2876, 515
0, -2751, 516
0, -2626, 516
0, -2501, 517
0, -2377, 517
0, -2249, 517
0, -2124, 517
0, -2000, 516
0, -1876, 517
0, -1751, 517
0, -1626, 517
0, -1501, 517
0, -1377, 516
0, -1248, 516
0, -1124, 516
0, -999, 516
0, -875, 516
0, -751, 516
0, -626, 516
0, -501, 518
0, -377, 516
0, -249, 514
0, -125, 527
0, 0, 746
0, 125, 915
0, 249, 869
0, 374, 614
0, 499, 281
0, 623, 180
0, 752, 232
0, 876, 363
0, 1001, 371
0, 1125, 268
0, 1250, 180
0, 1374, 202
0, 1499, 292
0, 1623, 327
0, 1752, 338
0, 1876, 373
0, 2001, 416
0, 2125, 432
0, 2250, 423
0, 2374, 417
0, 2499, 426
0, 2623, 433
0, 2752, 410
0, 2876, 351
0, 3001, 287
0, 3125, 251
0, 3250, 256
0, 3374, 293
0, 3499, 328
0, 3623, 356
0, 3751, 375
0, 3876, 390
0, 4000, 404
0, 4125, 419
0, 4249, 431
0, 4374, 426
0, 4499, 436
0, 4623, 462
0, 4752, 490
0, 4876, 503
0, 5001, 502
0, 5125, 500
0, 5250, 500
0, 5374, 513
0, 5499, 530
0, 5623, 545
0, 5751, 532
0, 5876, 504
0, 6000, 492
0, 6125, 510
0, 6249, 548
0, 6374, 576
0, 6499, 563
0, 6623, 515
0, 6752, 472
0, 6876, 475
0, 7001, 520
0, 7125, 573
0, 7250, 603
0, 7374, 600
0, 7499, 580
0, 7623, 558
0, 7749, 554
0, 7873, 570
0, 7998, 598
0, 8122, 611
0, 8247, 591
0, 8370, 541
0, 8495, 490
0, 8619, 469
0, 8750, 490
0, 8875, 533
0, 8999, 561
0, 9124, 555
0, 9248, 525
0, 9374, 498
0, 9499, 492
0, 9623, 497
0, 9749, 514
0, 9873, 545
0, 9998, 564
0, 10122, 565
0, 10247, 541
0, 10371, 520
0, 10495, 516
0, 10620, 529
0, 10751, 547
0, 10875, 558
0, 11000, 554
0, 11124, 545
0, 11249, 534
0, 11374, 524
0, 11499, 507
0, 11623, 488
0, 11749, 478
0, 11873, 476
0, 11998, 484
0, 12122, 495
0, 12247, 504
0, 12371, 507
0, 12495, 506
0, 12620, 501
0, 12748, 498
0, 12872, 495
0, 12997, 497
0, 13121, 509
0, 13246, 535
0, 13370, 557
0, 13494, 557
0, 13619, 534
0, 13750, 507
0, 13874, 497
0, 13999, 503
0, 14123, 515
0, 14248, 523
0, 14371, 517
0, 14496, 491
0, 14620, 455
0, 14749, 427
0, 14874, 422
0, 14998, 446
0, 15123, 481
0, 15247, 516
0, 15371, 541
0, 15496, 554
0, 15620, 556
0, 15749, 555
0, 15873, 553
0, 15998, 551
0, 16122, 545
0, 16247, 537
0, 16370, 531
0, 16495, 521
0, 16619, 507
0, 16748, 497
0, 16872, 495
0, 16997, 493
0, 17121, 484
0, 17246, 474
0, 17369, 473
0, 17494, 483
0, 17618, 498
0, 17747, 508
0, 17871, 508
0, 17996, 505
0, 18120, 503
0, 18245, 506
0, 18368, 520
0, 18493, 536
0, 18617, 548
0, 18748, 557
0, 18873, 564
0, 18997, 570
0, 19122, 573
0, 19246, 570
0, 19370, 567
0, 19495, 565
0, 19619, 567
0, 19747, 567
0, 19872, 559
0, 19996, 547
0, 20121, 537
0, 20245, 531
0, 20369, 529
0, 20494, 530
0, 20618, 532
0, 20746, 536
0, 20871, 540
0, 20995, 541
0, 21120, 546
0, 21244, 553
0, 21368, 564
0, 21492, 571
0, 21617, 568
0, 21748, 560
0, 21872, 548
0, 21997, 538
0, 22121, 529
0, 22246, 515
0, 22370, 501
0, 22494, 484
0, 22619, 465
0, 22747, 453
0, 22871, 455
0, 22996, 462
0, 23120, 472
0, 23245, 472
0, 23369, 469
0, 23493, 460
0, 23618, 451
0, 23746, 447
0, 23871, 450
0, 23995, 456
0, 24120, 458
0, 24244, 457
0, 24370, 455
0, 24495, 457
0, 24619, 459
0, 24748, 464
0, 24872, 472
0, 24997, 480
0, 25121, 490
0, 25246, 498
0, 25369, 505
0, 25494, 509
0, 25618, 513
0, 25747, 516
0, 25871, 518
0, 25996, 519
0, 26120, 518
0, 26245, 515
0, 26368, 518
0, 26493, 521
0, 26617, 523
0, 26746, 523
0, 26870, 522
0, 26995, 524
0, 27119, 527
0, 27244, 531
0, 27367, 541
0, 27492, 554
0, 27616, 570
0, 27745, 582
0, 27869, 589
0, 27994, 593
0, 28118, 594
0, 28243, 594
0, 28366, 595
0, 28491, 596
0, 28615, 593
0, 28746, 589
0, 28871, 589
0, 28995, 594
0, 29120, 600
0, 29244, 606
0, 29368, 611
0, 29493, 613
0, 29617, 616
0, 29745, 614
0, 29870, 614
0, 29994, 610
0, 30119, 606
0, 30243, 601
0, 30367, 598
0, 30492, 595
0, 30616, 593
0, 30745, 590
0, 30870, 587
0, 30994, 582
0, 31119, 578
0, 31243, 573
0, 31369, 565
0, 31494, 559
0, 31618, 553
0, 31744, 551
0, 31869, 546
0, 31993, 542
0, 32118, 532
0, 32242, 524
0, 32368, 518
0, 32493, 514
0, 32617, 512
0, 32746, 510
0, 32870, 507
0, 32995, 502
0, 33119, 498
0, 33244, 495
0, 33367, 490
0, 33492, 484
0, 33616, 478
1, -3710, 504
1, -3584, 504
1, -3460, 506
1, -3336, 506
1, -3207, 505
1, -3083, 506
1, -2959, 505
1, -2834, 504
1, -2710, 504
1, -2584, 505
1, -2460, 505
1, -2336, 505
1, -2207, 507
1, -2083, 506
1, -1959, 508
1, -1834, 502
1, -1710, 506
1, -1584, 512
1, -1460, 505
1, -1336, 506
1, -1207, 507
1, -1082, 506
1, -958, 506
1, -834, 506
1, -709, 505
1, -584, 505
1, -460, 505
1, -336, 506
1, -207, 505
1, -83, 506
1, 42, 506
1, 166, 507
1, 291, 506
1, 416, 505
1, 540, 505
1, 665, 507
1, 793, 506
1, 918, 506
1, 1042, 507
1, 1167, 506
1, 1291, 506
1, 1416, 504
1, 1540, 504
1, 1665, 507
1, 1793, 501
1, 1918, 507
1, 2042, 522
1, 2167, 516
1, 2291, 497
1, 2416, 483
1, 2540, 490
1, 2665, 531
1, 2793, 562
1, 2918, 541
1, 3042, 485
1, 3167, 433
1, 3291, 418
1, 3416, 466
1, 3540, 540
1, 3665, 596
1, 3793, 616
1, 3918, 572
1, 4042, 498
1, 4167, 427
1, 4291, 387
1, 4416, 407
1, 4540, 467
1, 4665, 510
1, 4793, 511
1, 4918, 466
1, 5042, 442
1, 5167, 467
1, 5291, 537
1, 5416, 620
1, 5540, 653
1, 5665, 609
1, 5793, 519
1, 5918, 450
1, 6042, 462
1, 6167, 518
1, 6291, 559
1, 6416, 551
1, 6540, 512
1, 6665, 486
1, 6793, 498
1, 6918, 529
1, 7042, 540
1, 7167, 509
1, 7291, 468
1, 7416, 456
1, 7540, 485
1, 7665, 524
1, 7790, 534
1, 7915, 506
1, 8039, 485
1, 8164, 495
1, 8288, 521
1, 8412, 541
1, 8537, 544
1, 8661, 546
1, 8792, 540
1, 8916, 525
1, 9041, 506
1, 9165, 497
1, 9290, 504
1, 9416, 513
1, 9540, 505
1, 9665, 488
1, 9790, 473
1, 9915, 478
1, 10039, 498
1, 10164, 512
1, 10288, 512
1, 10412, 495
1, 10537, 474
1, 10661, 469
1, 10792, 477
1, 10917, 491
1, 11041, 502
1, 11166, 512
1, 11290, 529
1, 11416, 552
1, 11540, 563
1, 11665, 555
1, 11790, 532
1, 11915, 507
1, 12039, 485
1, 12164, 472
1, 12288, 472
1, 12412, 484
1, 12537, 506
1, 12661, 524
1, 12789, 523
1, 12914, 506
1, 13038, 492
1, 13163, 498
1, 13287, 520
1, 13411, 537
1, 13536, 540
1, 13660, 532
1, 13791, 525
1, 13916, 522
1, 14040, 523
1, 14165, 522
1, 14289, 519
1, 14413, 509
1, 14537, 502
1, 14662, 501
1, 14791, 504
1, 14915, 512
1, 15040, 522
1, 15164, 525
1, 15289, 525
1, 15413, 524
1, 15537, 524
1, 15662, 524
1, 15790, 517
1, 15915, 512
1, 16039, 508
1, 16164, 503
1, 16288, 496
1, 16412, 489
1, 16536, 491
1, 16661, 496
1, 16789, 498
1, 16914, 491
1, 17038, 476
1, 17163, 458
1, 17287, 445
1, 17411, 437
1, 17535, 431
1, 17660, 424
1, 17788, 427
1, 17913, 441
1, 18037, 465
1, 18162, 485
1, 18286, 497
1, 18410, 500
1, 18534, 501
1, 18659, 504
1, 18790, 514
1, 18914, 526
1, 19039, 539
1, 19163, 548
1, 19288, 552
1, 19412, 557
1, 19536, 566
1, 19661, 575
1, 19789, 581
1, 19913, 581
1, 20038, 580
1, 20162, 579
1, 20287, 578
1, 20411, 579
1, 20535, 573
1, 20660, 563
1, 20788, 543
1, 20912, 526
1, 21037, 517
1, 21161, 510
1, 21286, 500
1, 21410, 484
1, 21534, 469
1, 21659, 458
1, 21789, 455
1, 21914, 453
1, 22038, 451
1, 22163, 448
1, 22287, 442
1, 22411, 439
1, 22536, 440
1, 22660, 442
1, 22788, 443
1, 22913, 442
1, 23037, 440
1, 23162, 437
1, 23286, 432
1, 23410, 430
1, 23535, 431
1, 23659, 434
1, 23788, 442
1, 23912, 444
1, 24037, 452
1, 24161, 456
1, 24286, 468
1, 24412, 483
1, 24536, 499
1, 24661, 513
1, 24789, 523
1, 24914, 529
1, 25038, 534
1, 25163, 541
1, 25287, 552
1, 25411, 567
1, 25535, 582
1, 25660, 590
1, 25788, 585
1, 25913, 575
1, 26037, 566
1, 26162, 557
1, 26286, 552
1, 26410, 553
1, 26534, 558
1, 26659, 564
1, 26787, 568
1, 26912, 571
1, 27036, 566
1, 27161, 557
1, 27285, 546
1, 27409, 537
1, 27533, 531
1, 27658, 529
1, 27786, 528
1, 27911, 529
1, 28035, 527
1, 28160, 521
1, 28284, 514
1, 28408, 506
1, 28532, 499
1, 28657, 495
1, 28788, 496
1, 28912, 498
1, 29037, 498
1, 29161, 497
1, 29286, 489
1, 29410, 482
1, 29534, 474
1, 29659, 471
1, 29787, 469
1, 29911, 470
1, 30036, 472
1, 30160, 471
1, 30285, 469
1, 30409, 478
1, 30533, 471
1, 30658, 477
1, 30787, 481
1, 30911, 485
1, 31036, 486
1, 31160, 487
1, 31285, 490
1, 31411, 492
1, 31535, 495
1, 31660, 501
1, 31786, 504
1, 31910, 506
1, 32035, 506
1, 32159, 503
1, 32284, 502
1, 32410, 500
1, 32534, 496
1, 32659, 493
1, 32787, 489
1, 32912, 486
1, 33036, 485
1, 33161, 486
1, 33285, 490
1, 33409, 496
1, 33533, 500
1, 33658, 503
2, -3667, 507
2, -3543, 508
2, -3419, 508
2, -3290, 508
2, -3166, 507
2, -3042, 507
2, -2917, 505
2, -2793, 507
2, -2667, 507
2, -2543, 507
2, -2419, 506
2, -2290, 507
2, -2166, 507
2, -2042, 507
2, -1917, 507
2, -1793, 506
2, -1667, 506
2, -1543, 505
2, -1418, 506
2, -1290, 514
2, -1165, 506
2, -1041, 506
2, -917, 505
2, -792, 505
2, -667, 507
2, -543, 505
2, -419, 507
2, -290, 504
2, -166, 506
2, -42, 509
2, 83, 509
2, 208, 506
2, 333, 504
2, 457, 506
2, 582, 507
2, 710, 501
2, 835, 498
2, 959, 505
2, 1084, 506
2, 1208, 506
2, 1333, 508
2, 1457, 503
2, 1582, 505
2, 1710, 512
2, 1835, 490
2, 1959, 507
2, 2084, 520
2, 2208, 511
2, 2333, 488
2, 2457, 484
2, 2582, 509
2, 2710, 540
2, 2835, 542
2, 2959, 519
2, 3084, 459
2, 3208, 426
2, 3333, 458
2, 3457, 523
2, 3582, 568
2, 3710, 569
2, 3835, 559
2, 3959, 550
2, 4084, 519
2, 4208, 473
2, 4333, 442
2, 4457, 442
2, 4582, 474
2, 4710, 497
2, 4835, 500
2, 4959, 500
2, 5084, 489
2, 5208, 485
2, 5333, 491
2, 5457, 524
2, 5582, 570
2, 5710, 595
2, 5835, 555
2, 5959, 477
2, 6084, 434
2, 6208, 441
2, 6333, 504
2, 6457, 569
2, 6582, 605
2, 6710, 615
2, 6835, 592
2, 6959, 564
2, 7084, 513
2, 7208, 478
2, 7333, 459
2, 7457, 469
2, 7582, 503
2, 7707, 546
2, 7832, 561
2, 7956, 538
2, 8081, 499
2, 8205, 462
2, 8329, 426
2, 8454, 394
2, 8578, 389
2, 8709, 405
2, 8833, 422
2, 8958, 430
2, 9082, 436
2, 9207, 455
2, 9333, 472
2, 9457, 487
2, 9582, 498
2, 9707, 512
2, 9832, 527
2, 9956, 531
2, 10081, 521
2, 10205, 503
2, 10329, 492
2, 10454, 494
2, 10578, 507
2, 10709, 539
2, 10834, 573
2, 10958, 598
2, 11083, 606
2, 11207, 596
2, 11333, 569
2, 11457, 532
2, 11582, 493
2, 11707, 469
2, 11832, 467
2, 11956, 480
2, 12081, 500
2, 12205, 509
2, 12329, 507
2, 12454, 504
2, 12578, 505
2, 12706, 509
2, 12831, 519
2, 12955, 521
2, 13080, 529
2, 13204, 535
2, 13328, 544
2, 13453, 548
2, 13577, 533
2, 13708, 509
2, 13833, 484
2, 13957, 473
2, 14082, 477
2, 14206, 493
2, 14330, 512
2, 14454, 518
2, 14579, 502
2, 14708, 472
2, 14832, 439
2, 14957, 436
2, 15081, 420
2, 15206, 424
2, 15330, 430
2, 15454, 434
2, 15579, 437
2, 15707, 436
2, 15832, 455
2, 15956, 472
2, 16081, 483
2, 16205, 487
2, 16329, 490
2, 16453, 501
2, 16578, 522
2, 16706, 547
2, 16831, 568
2, 16955, 583
2, 17080, 589
2, 17204, 605
2, 17328, 618
2, 17452, 630
2, 17577, 635
2, 17705, 626
2, 17830, 606
2, 17954, 579
2, 18079, 563
2, 18203, 558
2, 18327, 558
2, 18451, 553
2, 18576, 542
2, 18707, 522
2, 18831, 505
2, 18956, 501
2, 19080, 495
2, 19205, 494
2, 19329, 499
2, 19453, 494
2, 19578, 484
2, 19706, 471
2, 19830, 466
2, 19955, 468
2, 20079, 473
2, 20204, 482
2, 20328, 492
2, 20452, 503
2, 20577, 516
2, 20705, 520
2, 20829, 521
2, 20954, 521
2, 21078, 516
2, 21203, 510
2, 21327, 507
2, 21451, 502
2, 21576, 497
2, 21706, 495
2, 21831, 498
2, 21955, 494
2, 22080, 492
2, 22204, 488
2, 22328, 483
2, 22453, 482
2, 22577, 486
2, 22705, 502
2, 22830, 501
2, 22954, 510
2, 23079, 517
2, 23203, 516
2, 23327, 511
2, 23452, 503
2, 23576, 501
2, 23704, 504
2, 23829, 512
2, 23954, 516
2, 24078, 518
2, 24203, 514
2, 24329, 513
2, 24453, 514
2, 24578, 515
2, 24706, 519
2, 24831, 525
2, 24955, 523
2, 25080, 523
2, 25204, 531
2, 25328, 523
2, 25452, 516
2, 25577, 501
2, 25705, 492
2, 25830, 485
2, 25954, 489
2, 26079, 499
2, 26203, 512
2, 26327, 515
2, 26451, 512
2, 26576, 506
2, 26704, 500
2, 26829, 498
2, 26953, 495
2, 27078, 492
2, 27202, 493
2, 27326, 493
2, 27450, 499
2, 27575, 504
2, 27703, 511
2, 27828, 519
2, 27952, 526
2, 28077, 530
2, 28201, 528
2, 28325, 525
2, 28449, 521
2, 28574, 522
2, 28705, 522
2, 28829, 528
2, 28954, 531
2, 29078, 541
2, 29203, 547
2, 29327, 551
2, 29451, 552
2, 29576, 553
2, 29704, 550
2, 29828, 545
2, 29953, 539
2, 30077, 530
2, 30202, 521
2, 30326, 511
2, 30450, 508
2, 30575, 505
2, 30704, 513
2, 30828, 499
2, 30953, 500
2, 31077, 501
2, 31202, 498
2, 31328, 496
2, 31452, 492
2, 31577, 492
2, 31703, 493
2, 31827, 495
2, 31952, 496
2, 32076, 497
2, 32201, 494
2, 32327, 489
2, 32451, 489
2, 32576, 488
2, 32704, 489
2, 32829, 488
2, 32953, 481
2, 33078, 486
2, 33202, 489
2, 33326, 494
2, 33450, 496
2, 33575, 501
2, 33703, 498
