# UUID: 6209e828-a8f8-4e02-bbeb-06f5c9ac614f
# Label: p
0, -3755, 511
0, -3631, 511
0, -3507, 510
0, -3375, 512
0, -3252, 510
0, -3127, 511
0, -3003, 512
0, -2879, 510
0, -2755, 509
0, -2631, 512
0, -2506, 510
0, -2376, 509
0, -2250, 511
0, -2126, 512
0, -2002, 511
0, -1877, 511
0, -1753, 510
0, -1629, 510
0, -1505, 510
0, -1374, 512
0, -1251, 505
0, -1126, 510
0, -1002, 511
0, -878, 507
0, -754, 520
0, -629, 496
0, -505, 508
0, -374, 552
0, -248, 540
0, -124, 452
0, 0, 384
0, 125, 454
0, 249, 582
0, 374, 651
0, 498, 670
0, 626, 686
0, 749, 627
0, 874, 479
0, 998, 324
0, 1122, 271
0, 1247, 307
0, 1371, 360
0, 1495, 417
0, 1626, 471
0, 1750, 510
0, 1874, 540
0, 1998, 526
0, 2122, 469
0, 2247, 428
0, 2371, 427
0, 2495, 482
0, 2626, 527
0, 2750, 529
0, 2874, 558
0, 2998, 629
0, 3123, 685
0, 3247, 673
0, 3371, 596
0, 3495, 513
0, 3626, 476
0, 3750, 467
0, 3874, 492
0, 3998, 525
0, 4123, 552
0, 4247, 576
0, 4371, 588
0, 4496, 608
0, 4620, 656
0, 4747, 679
0, 4871, 699
0, 4996, 696
0, 5120, 673
0, 5244, 637
0, 5369, 622
0, 5493, 654
0, 5617, 704
0, 5745, 705
0, 5870, 679
0, 5994, 665
0, 6118, 687
0, 6242, 700
0, 6367, 673
0, 6491, 606
0, 6615, 518
0, 6742, 470
0, 6866, 472
0, 6991, 496
0, 7115, 498
0, 7239, 479
0, 7364, 462
0, 7488, 458
0, 7612, 459
0, 7739, 454
0, 7863, 452
0, 7988, 448
0, 8112, 427
0, 8236, 396
0, 8361, 387
0, 8485, 410
0, 8609, 474
0, 8735, 490
0, 8859, 465
0, 8983, 447
0, 9108, 466
0, 9232, 494
0, 9356, 507
0, 9481, 480
0, 9605, 447
0, 9729, 408
0, 9853, 399
0, 9978, 413
0, 10102, 433
0, 10226, 455
0, 10351, 462
0, 10475, 452
0, 10599, 437
0, 10725, 436
0, 10849, 462
0, 10973, 499
0, 11098, 520
0, 11222, 509
0, 11346, 474
0, 11471, 441
0, 11595, 430
0, 11720, 431
0, 11844, 425
0, 11968, 398
0, 12092, 374
0, 12217, 354
0, 12341, 360
0, 12465, 385
0, 12590, 415
0, 12717, 437
0, 12842, 436
0, 12966, 414
0, 13090, 389
0, 13214, 372
0, 13339, 369
0, 13463, 371
0, 13587, 383
0, 13715, 404
0, 13840, 425
0, 13964, 441
0, 14088, 447
0, 14212, 436
0, 14337, 427
0, 14461, 426
0, 14585, 440
0, 14716, 467
0, 14840, 486
0, 14964, 486
0, 15088, 473
0, 15213, 461
0, 15337, 459
0, 15461, 465
0, 15586, 475
0, 15716, 487
0, 15840, 493
0, 15964, 492
0, 16089, 503
0, 16213, 531
0, 16337, 574
0, 16461, 607
0, 16586, 617
0, 16718, 602
0, 16842, 583
0, 16967, 572
0, 17091, 577
0, 17215, 584
0, 17339, 585
0, 17464, 581
0, 17588, 579
0, 17718, 583
0, 17842, 602
0, 17966, 624
0, 18091, 638
0, 18215, 631
0, 18339, 611
0, 18463, 582
0, 18588, 567
0, 18717, 567
0, 18842, 584
0, 18966, 606
0, 19090, 622
0, 19215, 623
0, 19339, 605
0, 19463, 587
0, 19587, 571
0, 19717, 557
0, 19842, 545
0, 19966, 532
0, 20090, 519
0, 20214, 514
0, 20339, 514
0, 20463, 520
0, 20587, 527
0, 20720, 534
0, 20844, 534
0, 20968, 533
0, 21092, 518
0, 21217, 492
0, 21341, 459
0, 21465, 439
0, 21590, 422
0, 21719, 407
0, 21844, 386
0, 21968, 365
0, 22092, 354
0, 22216, 352
0, 22341, 365
0, 22465, 376
0, 22589, 395
0, 22719, 414
0, 22843, 430
0, 22968, 441
0, 23092, 445
0, 23216, 448
0, 23340, 453
0, 23465, 460
0, 23589, 465
0, 23719, 463
0, 23843, 461
0, 23968, 458
0, 24092, 462
0, 24216, 456
0, 24341, 461
0, 24465, 461
0, 24589, 467
0, 24719, 477
0, 24844, 488
0, 24968, 501
0, 25092, 512
0, 25216, 524
0, 25341, 533
0, 25465, 538
0, 25589, 538
0, 25720, 539
0, 25844, 544
0, 25969, 549
0, 26093, 551
0, 26217, 535
0, 26341, 545
0, 26466, 542
0, 26590, 547
0, 26720, 550
0, 26844, 550
0, 26969, 549
0, 27093, 546
0, 27217, 538
0, 27341, 528
0, 27466, 515
0, 27590, 505
0, 27720, 499
0, 27845, 491
0, 27969, 489
0, 28093, 483
0, 28217, 495
0, 28342, 505
0, 28466, 515
0, 28590, 521
0, 28721, 519
0, 28845, 515
0, 28970, 511
0, 29094, 511
0, 29218, 511
0, 29342, 508
0, 29467, 507
0, 29591, 507
0, 29721, 508
0, 29845, 507
0, 29969, 502
0, 30094, 508
0, 30218, 496
0, 30342, 500
0, 30467, 506
0, 30591, 510
0, 30721, 507
0, 30845, 496
0, 30969, 487
0, 31094, 482
0, 31218, 484
0, 31342, 490
0, 31467, 498
0, 31591, 508
0, 31721, 517
0, 31845, 524
0, 31970, 529
0, 32094, 531
0, 32218, 533
0, 32342, 531
0, 32467, 524
0, 32591, 514
0, 32721, 510
0, 32845, 512
0, 32970, 508
0, 33094, 511
0, 33218, 512
0, 33342, 509
0, 33467, 499
0, 33591, 496
1, -3714, 512
1, -3589, 511
1, -3465, 510
1, -3334, 511
1, -3210, 511
1, -3086, 511
1, -2962, 511
1, -2838, 511
1, -2713, 511
1, -2589, 512
1, -2465, 511
1, -2333, 511
1, -2209, 509
1, -2084, 512
1, -1960, 511
1, -1836, 512
1, -1712, 512
1, -1587, 511
1, -1463, 511
1, -1333, 510
1, -1209, 511
1, -1085, 511
1, -961, 512
1, -836, 511
1, -712, 514
1, -588, 512
1, -464, 509
1, -331, 509
1, -207, 511
1, -83, 517
1, 42, 496
1, 166, 523
1, 291, 520
1, 415, 495
1, 539, 497
1, 667, 498
1, 791, 555
1, 915, 566
1, 1039, 511
1, 1164, 430
1, 1288, 386
1, 1412, 472
1, 1537, 605
1, 1667, 661
1, 1791, 606
1, 1915, 504
1, 2040, 489
1, 2164, 497
1, 2288, 475
1, 2412, 445
1, 2537, 406
1, 2667, 409
1, 2791, 456
1, 2915, 511
1, 3040, 549
1, 3164, 555
1, 3288, 558
1, 3413, 584
1, 3537, 565
1, 3667, 479
1, 3791, 429
1, 3916, 477
1, 4040, 581
1, 4164, 641
1, 4288, 627
1, 4413, 598
1, 4537, 583
1, 4664, 584
1, 4789, 582
1, 4913, 569
1, 5037, 562
1, 5161, 555
1, 5286, 545
1, 5410, 513
1, 5534, 472
1, 5662, 434
1, 5787, 432
1, 5911, 439
1, 6035, 452
1, 6160, 444
1, 6284, 445
1, 6408, 440
1, 6532, 445
1, 6659, 440
1, 6784, 421
1, 6908, 394
1, 7032, 353
1, 7156, 296
1, 7281, 272
1, 7405, 306
1, 7529, 391
1, 7656, 463
1, 7781, 490
1, 7905, 476
1, 8029, 444
1, 8153, 442
1, 8278, 477
1, 8402, 541
1, 8526, 599
1, 8652, 622
1, 8776, 616
1, 8901, 590
1, 9025, 572
1, 9149, 561
1, 9273, 533
1, 9398, 512
1, 9522, 514
1, 9646, 539
1, 9770, 586
1, 9895, 644
1, 10019, 698
1, 10143, 722
1, 10268, 703
1, 10392, 657
1, 10516, 612
1, 10642, 576
1, 10766, 538
1, 10890, 507
1, 11015, 488
1, 11139, 488
1, 11263, 502
1, 11388, 529
1, 11512, 564
1, 11637, 598
1, 11761, 587
1, 11885, 561
1, 12010, 521
1, 12134, 496
1, 12258, 490
1, 12382, 495
1, 12507, 495
1, 12634, 495
1, 12759, 482
1, 12883, 462
1, 13007, 447
1, 13132, 433
1, 13256, 453
1, 13380, 472
1, 13504, 498
1, 13632, 515
1, 13757, 517
1, 13881, 509
1, 14005, 502
1, 14130, 505
1, 14254, 510
1, 14378, 503
1, 14502, 523
1, 14632, 530
1, 14757, 547
1, 14881, 551
1, 15006, 547
1, 15130, 549
1, 15254, 573
1, 15378, 600
1, 15503, 606
1, 15633, 582
1, 15757, 550
1, 15881, 538
1, 16006, 549
1, 16130, 567
1, 16254, 571
1, 16379, 556
1, 16503, 527
1, 16635, 499
1, 16759, 480
1, 16884, 471
1, 17008, 485
1, 17132, 512
1, 17257, 531
1, 17381, 533
1, 17505, 528
1, 17635, 524
1, 17759, 516
1, 17883, 509
1, 18008, 501
1, 18132, 492
1, 18256, 483
1, 18381, 471
1, 18505, 459
1, 18635, 451
1, 18759, 469
1, 18883, 486
1, 19007, 516
1, 19132, 532
1, 19256, 529
1, 19380, 520
1, 19505, 513
1, 19634, 518
1, 19759, 524
1, 19883, 528
1, 20007, 528
1, 20132, 524
1, 20256, 512
1, 20380, 497
1, 20504, 486
1, 20637, 483
1, 20761, 471
1, 20885, 460
1, 21010, 448
1, 21134, 448
1, 21258, 454
1, 21382, 462
1, 21507, 471
1, 21636, 482
1, 21761, 497
1, 21885, 520
1, 22009, 536
1, 22134, 559
1, 22258, 574
1, 22382, 585
1, 22506, 593
1, 22636, 598
1, 22760, 590
1, 22885, 583
1, 23009, 575
1, 23133, 575
1, 23258, 572
1, 23382, 570
1, 23506, 556
1, 23636, 528
1, 23761, 509
1, 23885, 501
1, 24009, 505
1, 24133, 516
1, 24258, 532
1, 24382, 542
1, 24506, 540
1, 24636, 506
1, 24761, 497
1, 24885, 475
1, 25009, 461
1, 25134, 454
1, 25258, 450
1, 25382, 449
1, 25506, 451
1, 25637, 450
1, 25761, 452
1, 25886, 462
1, 26010, 481
1, 26134, 498
1, 26259, 510
1, 26383, 509
1, 26507, 503
1, 26637, 512
1, 26761, 512
1, 26886, 518
1, 27010, 519
1, 27134, 510
1, 27259, 497
1, 27383, 481
1, 27507, 466
1, 27637, 454
1, 27762, 448
1, 27886, 448
1, 28010, 449
1, 28135, 455
1, 28259, 462
1, 28383, 470
1, 28507, 477
1, 28638, 481
1, 28762, 484
1, 28887, 490
1, 29011, 496
1, 29135, 501
1, 29260, 500
1, 29384, 496
1, 29508, 491
1, 29638, 488
1, 29762, 485
1, 29887, 490
1, 30011, 495
1, 30135, 503
1, 30259, 511
1, 30384, 515
1, 30508, 516
1, 30638, 510
1, 30762, 502
1, 30887, 497
1, 31011, 497
1, 31135, 496
1, 31259, 498
1, 31384, 502
1, 31508, 498
1, 31638, 495
1, 31762, 491
1, 31887, 489
1, 32011, 487
1, 32135, 487
1, 32260, 491
1, 32384, 493
1, 32508, 496
1, 32638, 503
1, 32762, 528
1, 32887, 530
1, 33011, 543
1, 33135, 552
1, 33260, 557
1, 33384, 556
1, 33508, 552
1, 33632, 548
2, -3672, 516
2, -3548, 510
2, -3424, 512
2, -3293, 511
2, -3169, 511
2, -3045, 511
2, -2920, 511
2, -2796, 511
2, -2672, 512
2, -2548, 511
2, -2423, 512
2, -2291, 513
2, -2167, 513
2, -2043, 513
2, -1919, 512
2, -1795, 498
2, -1670, 510
2, -1546, 511
2, -1422, 512
2, -1292, 511
2, -1168, 510
2, -1044, 507
2, -919, 520
2, -795, 496
2, -671, 515
2, -547, 550
2, -422, 516
2, -290, 429
2, -165, 413
2, -41, 540
2, 84, 666
2, 208, 686
2, 332, 626
2, 456, 545
2, 581, 441
2, 708, 335
2, 832, 283
2, 957, 329
2, 1081, 414
2, 1205, 471
2, 1329, 512
2, 1454, 515
2, 1578, 519
2, 1708, 510
2, 1832, 460
2, 1957, 469
2, 2081, 539
2, 2205, 608
2, 2330, 594
2, 2454, 505
2, 2578, 515
2, 2708, 659
2, 2833, 756
2, 2957, 749
2, 3081, 664
2, 3205, 571
2, 3330, 549
2, 3454, 545
2, 3578, 567
2, 3708, 599
2, 3833, 588
2, 3957, 580
2, 4081, 571
2, 4206, 561
2, 4330, 536
2, 4454, 513
2, 4578, 498
2, 4706, 531
2, 4830, 554
2, 4954, 541
2, 5079, 500
2, 5203, 449
2, 5327, 399
2, 5451, 373
2, 5576, 389
2, 5704, 438
2, 5828, 480
2, 5952, 511
2, 6077, 536
2, 6201, 570
2, 6325, 606
2, 6450, 613
2, 6574, 590
2, 6701, 536
2, 6825, 494
2, 6949, 479
2, 7074, 470
2, 7198, 458
2, 7322, 450
2, 7446, 462
2, 7571, 489
2, 7698, 505
2, 7822, 507
2, 7946, 501
2, 8071, 503
2, 8195, 506
2, 8319, 504
2, 8443, 501
2, 8568, 495
2, 8693, 499
2, 8818, 505
2, 8942, 501
2, 9066, 492
2, 9191, 491
2, 9315, 503
2, 9439, 515
2, 9563, 497
2, 9688, 460
2, 9812, 443
2, 9936, 478
2, 10060, 529
2, 10185, 597
2, 10309, 608
2, 10433, 585
2, 10558, 553
2, 10683, 526
2, 10808, 502
2, 10932, 470
2, 11056, 424
2, 11180, 399
2, 11305, 389
2, 11429, 390
2, 11553, 408
2, 11678, 430
2, 11802, 460
2, 11927, 484
2, 12051, 495
2, 12175, 506
2, 12300, 520
2, 12424, 543
2, 12548, 574
2, 12676, 599
2, 12800, 600
2, 12924, 582
2, 13049, 557
2, 13173, 532
2, 13297, 505
2, 13422, 478
2, 13546, 454
2, 13674, 437
2, 13798, 424
2, 13922, 414
2, 14047, 413
2, 14171, 425
2, 14295, 443
2, 14420, 459
2, 14544, 480
2, 14674, 506
2, 14798, 532
2, 14923, 553
2, 15047, 562
2, 15171, 561
2, 15296, 551
2, 15420, 535
2, 15544, 517
2, 15674, 500
2, 15798, 485
2, 15923, 479
2, 16047, 485
2, 16171, 496
2, 16296, 505
2, 16420, 520
2, 16544, 541
2, 16677, 561
2, 16801, 574
2, 16925, 588
2, 17049, 608
2, 17174, 622
2, 17298, 613
2, 17422, 589
2, 17547, 561
2, 17676, 532
2, 17801, 511
2, 17925, 508
2, 18049, 532
2, 18173, 565
2, 18298, 579
2, 18422, 569
2, 18546, 544
2, 18676, 519
2, 18800, 509
2, 18925, 512
2, 19049, 524
2, 19173, 527
2, 19297, 521
2, 19422, 515
2, 19546, 513
2, 19676, 504
2, 19800, 498
2, 19924, 499
2, 20049, 512
2, 20173, 525
2, 20297, 536
2, 20422, 543
2, 20546, 550
2, 20678, 552
2, 20802, 541
2, 20927, 521
2, 21051, 497
2, 21175, 475
2, 21300, 459
2, 21424, 452
2, 21548, 454
2, 21678, 457
2, 21802, 453
2, 21926, 445
2, 22051, 432
2, 22175, 430
2, 22299, 430
2, 22424, 438
2, 22548, 455
2, 22678, 470
2, 22802, 475
2, 22926, 471
2, 23050, 466
2, 23175, 466
2, 23299, 478
2, 23423, 480
2, 23548, 485
2, 23678, 482
2, 23802, 479
2, 23926, 479
2, 24051, 487
2, 24175, 472
2, 24299, 515
2, 24423, 519
2, 24548, 518
2, 24678, 513
2, 24802, 504
2, 24926, 496
2, 25051, 491
2, 25175, 487
2, 25299, 487
2, 25424, 486
2, 25548, 482
2, 25679, 478
2, 25803, 477
2, 25927, 480
2, 26051, 486
2, 26176, 485
2, 26300, 485
2, 26424, 484
2, 26549, 485
2, 26679, 489
2, 26803, 489
2, 26927, 490
2, 27051, 495
2, 27176, 504
2, 27300, 512
2, 27424, 518
2, 27549, 524
2, 27679, 527
2, 27803, 530
2, 27927, 536
2, 28052, 526
2, 28176, 519
2, 28300, 511
2, 28425, 512
2, 28549, 519
2, 28680, 525
2, 28804, 528
2, 28928, 525
2, 29052, 523
2, 29177, 519
2, 29301, 511
2, 29425, 506
2, 29550, 497
2, 29679, 487
2, 29804, 481
2, 29928, 473
2, 30052, 476
2, 30177, 475
2, 30301, 479
2, 30425, 483
2, 30549, 490
2, 30679, 499
2, 30804, 507
2, 30928, 514
2, 31052, 520
2, 31177, 526
2, 31301, 532
2, 31425, 538
2, 31549, 540
2, 31680, 536
2, 31804, 525
2, 31928, 510
2, 32052, 494
2, 32177, 480
2, 32301, 471
2, 32425, 463
2, 32550, 458
2, 32680, 451
2, 32804, 449
2, 32928, 449
2, 33052, 447
2, 33177, 446
2, 33301, 443
2, 33425, 440
2, 33550, 436
2, 33674, 430
