# UUID: 710f3cd8-eaa8-4be2-95c2-6d2d765231cd
# Label: p
0, -3769, 489
0, -3645, 478
0, -3521, 495
0, -3397, 478
0, -3272, 492
0, -3148, 486
0, -3024, 482
0, -2898, 488
0, -2774, 490
0, -2650, 492
0, -2524, 485
0, -2400, 484
0, -2276, 479
0, -2152, 482
0, -2027, 488
0, -1903, 479
0, -1779, 486
0, -1655, 480
0, -1530, 491
0, -1406, 476
0, -1282, 493
0, -1158, 493
0, -1034, 493
0, -910, 489
0, -786, 507
0, -662, 478
0, -538, 491
0, -414, 500
0, -290, 490
0, -166, 490
0, -41, 489
0, 85, 480
0, 209, 486
0, 333, 490
0, 457, 468
0, 582, 493
0, 706, 491
0, 830, 491
0, 955, 494
0, 1086, 495
0, 1210, 480
0, 1334, 491
0, 1458, 489
0, 1582, 473
0, 1706, 502
0, 1831, 516
0, 1955, 479
0, 2086, 426
0, 2210, 496
0, 2334, 589
0, 2458, 565
0, 2582, 463
0, 2706, 400
0, 2831, 404
0, 2955, 464
0, 3086, 558
0, 3210, 568
0, 3334, 537
0, 3458, 511
0, 3582, 495
0, 3706, 514
0, 3831, 519
0, 3955, 549
0, 4086, 569
0, 4210, 509
0, 4334, 416
0, 4458, 380
0, 4582, 363
0, 4706, 374
0, 4831, 421
0, 4955, 464
0, 5086, 511
0, 5210, 535
0, 5334, 535
0, 5458, 533
0, 5582, 558
0, 5706, 610
0, 5831, 652
0, 5955, 635
0, 6079, 578
0, 6205, 557
0, 6329, 566
0, 6455, 621
0, 6579, 621
0, 6704, 575
0, 6828, 490
0, 6952, 397
0, 7077, 347
0, 7202, 352
0, 7326, 367
0, 7452, 373
0, 7577, 362
0, 7701, 350
0, 7825, 382
0, 7950, 414
0, 8074, 434
0, 8201, 428
0, 8325, 415
0, 8451, 392
0, 8576, 389
0, 8700, 408
0, 8824, 443
0, 8949, 507
0, 9073, 557
0, 9198, 568
0, 9323, 567
0, 9448, 541
0, 9573, 488
0, 9697, 435
0, 9821, 393
0, 9946, 390
0, 10070, 420
0, 10194, 475
0, 10318, 518
0, 10443, 522
0, 10567, 513
0, 10691, 517
0, 10816, 500
0, 10940, 487
0, 11064, 488
0, 11188, 507
0, 11313, 510
0, 11437, 494
0, 11561, 469
0, 11686, 466
0, 11810, 511
0, 11934, 520
0, 12059, 559
0, 12183, 567
0, 12307, 547
0, 12431, 535
0, 12556, 526
0, 12680, 528
0, 12804, 560
0, 12929, 580
0, 13053, 594
0, 13179, 611
0, 13303, 595
0, 13428, 599
0, 13552, 597
0, 13676, 591
0, 13800, 577
0, 13925, 584
0, 14049, 562
0, 14174, 518
0, 14299, 475
0, 14424, 464
0, 14548, 439
0, 14673, 421
0, 14797, 383
0, 14921, 378
0, 15046, 393
0, 15171, 439
0, 15295, 467
0, 15421, 534
0, 15546, 567
0, 15670, 589
0, 15794, 593
0, 15919, 594
0, 16043, 600
0, 16174, 596
0, 16298, 580
0, 16421, 549
0, 16546, 543
0, 16670, 536
0, 16794, 514
0, 16919, 511
0, 17043, 496
0, 17174, 511
0, 17298, 516
0, 17421, 505
0, 17546, 460
0, 17670, 432
0, 17794, 429
0, 17919, 439
0, 18043, 483
0, 18174, 532
0, 18298, 549
0, 18421, 554
0, 18546, 533
0, 18670, 521
0, 18794, 509
0, 18919, 494
0, 19043, 492
0, 19174, 502
0, 19298, 509
0, 19421, 506
0, 19546, 496
0, 19670, 484
0, 19794, 494
0, 19919, 497
0, 20043, 490
0, 20174, 475
0, 20298, 480
0, 20421, 472
0, 20546, 452
0, 20670, 460
0, 20794, 469
0, 20919, 484
0, 21043, 503
0, 21174, 523
0, 21298, 546
0, 21421, 538
0, 21546, 542
0, 21670, 524
0, 21794, 515
0, 21919, 504
0, 22043, 482
0, 22174, 483
0, 22298, 463
0, 22421, 474
0, 22546, 484
0, 22670, 501
0, 22794, 522
0, 22919, 539
0, 23043, 573
0, 23174, 577
0, 23298, 569
0, 23421, 572
0, 23546, 555
0, 23670, 546
0, 23794, 520
0, 23919, 498
0, 24043, 476
0, 24174, 458
0, 24299, 428
0, 24424, 436
0, 24548, 447
0, 24673, 453
0, 24797, 461
0, 24921, 459
0, 25046, 464
0, 25174, 477
0, 25298, 476
0, 25421, 476
0, 25546, 454
0, 25670, 458
0, 25794, 471
0, 25919, 471
0, 26043, 474
0, 26168, 472
0, 26293, 480
0, 26416, 472
0, 26540, 458
0, 26665, 451
0, 26789, 451
0, 26913, 453
0, 27037, 444
0, 27163, 443
0, 27287, 433
0, 27414, 434
0, 27538, 441
0, 27662, 445
0, 27786, 441
0, 27911, 437
0, 28035, 434
0, 28159, 436
0, 28283, 442
0, 28407, 465
0, 28531, 457
0, 28656, 460
0, 28780, 479
0, 28904, 440
0, 29028, 449
0, 29154, 460
0, 29278, 459
0, 29404, 458
0, 29528, 448
0, 29653, 431
0, 29777, 435
0, 29901, 423
0, 30025, 414
0, 30150, 412
0, 30274, 401
0, 30398, 400
0, 30523, 417
0, 30647, 420
0, 30771, 422
0, 30895, 438
0, 31020, 445
0, 31145, 446
0, 31269, 446
0, 31393, 472
0, 31517, 471
0, 31642, 464
0, 31766, 475
0, 31890, 471
0, 32015, 489
0, 32139, 505
0, 32264, 507
0, 32388, 513
0, 32512, 522
0, 32636, 533
0, 32761, 510
0, 32885, 507
0, 33009, 515
0, 33135, 520
0, 33259, 527
0, 33383, 513
0, 33507, 516
1, -3728, 477
1, -3604, 494
1, -3479, 488
1, -3355, 487
1, -3231, 493
1, -3107, 485
1, -2982, 480
1, -2857, 479
1, -2733, 491
1, -2607, 493
1, -2483, 490
1, -2359, 487
1, -2234, 486
1, -2110, 493
1, -1986, 490
1, -1862, 494
1, -1738, 485
1, -1613, 488
1, -1489, 476
1, -1365, 488
1, -1241, 517
1, -1116, 496
1, -992, 494
1, -869, 491
1, -745, 494
1, -621, 484
1, -497, 482
1, -373, 487
1, -248, 520
1, -124, 452
1, 0, 295
1, 126, 395
1, 250, 714
1, 375, 1023
1, 499, 1023
1, 623, 724
1, 747, 352
1, 872, 292
1, 996, 597
1, 1127, 740
1, 1251, 529
1, 1375, 210
1, 1499, 23
1, 1623, 11
1, 1748, 66
1, 1872, 152
1, 1996, 213
1, 2127, 244
1, 2251, 200
1, 2375, 103
1, 2499, 0
1, 2623, 0
1, 2748, 0
1, 2872, 0
1, 2996, 70
1, 3127, 114
1, 3251, 119
1, 3375, 80
1, 3499, 34
1, 3623, 0
1, 3748, 0
1, 3872, 0
1, 3996, 0
1, 4127, 0
1, 4251, 82
1, 4375, 177
1, 4499, 265
1, 4623, 335
1, 4748, 468
1, 4872, 582
1, 4996, 678
1, 5127, 693
1, 5251, 652
1, 5375, 605
1, 5499, 568
1, 5623, 549
1, 5748, 533
1, 5872, 496
1, 5996, 396
1, 6122, 277
1, 6246, 194
1, 6372, 224
1, 6497, 292
1, 6621, 377
1, 6745, 451
1, 6869, 433
1, 6994, 407
1, 7119, 375
1, 7243, 387
1, 7368, 439
1, 7494, 507
1, 7618, 588
1, 7742, 595
1, 7867, 558
1, 7991, 531
1, 8118, 499
1, 8242, 484
1, 8367, 482
1, 8493, 510
1, 8617, 526
1, 8741, 514
1, 8866, 486
1, 8990, 477
1, 9116, 489
1, 9240, 490
1, 9364, 479
1, 9490, 451
1, 9614, 425
1, 9738, 427
1, 9863, 458
1, 9987, 508
1, 10111, 549
1, 10236, 539
1, 10360, 482
1, 10484, 375
1, 10608, 301
1, 10733, 320
1, 10857, 419
1, 10981, 489
1, 11106, 518
1, 11230, 501
1, 11354, 463
1, 11478, 431
1, 11603, 440
1, 11727, 452
1, 11851, 447
1, 11976, 430
1, 12100, 399
1, 12224, 428
1, 12348, 451
1, 12473, 489
1, 12597, 505
1, 12721, 489
1, 12846, 492
1, 12970, 490
1, 13096, 488
1, 13220, 445
1, 13345, 431
1, 13469, 479
1, 13593, 512
1, 13718, 529
1, 13842, 501
1, 13966, 437
1, 14092, 377
1, 14216, 345
1, 14340, 288
1, 14466, 272
1, 14590, 349
1, 14714, 426
1, 14838, 505
1, 14963, 508
1, 15088, 461
1, 15212, 431
1, 15337, 431
1, 15463, 455
1, 15587, 458
1, 15711, 422
1, 15836, 434
1, 15960, 455
1, 16091, 491
1, 16215, 526
1, 16339, 555
1, 16463, 558
1, 16587, 548
1, 16711, 496
1, 16836, 435
1, 16960, 409
1, 17091, 402
1, 17215, 417
1, 17339, 440
1, 17463, 451
1, 17587, 471
1, 17711, 491
1, 17836, 550
1, 17960, 564
1, 18091, 549
1, 18215, 534
1, 18339, 512
1, 18463, 484
1, 18587, 469
1, 18711, 437
1, 18836, 404
1, 18960, 396
1, 19091, 391
1, 19215, 397
1, 19339, 378
1, 19463, 375
1, 19587, 410
1, 19711, 452
1, 19836, 490
1, 19960, 499
1, 20091, 503
1, 20215, 465
1, 20339, 484
1, 20463, 507
1, 20587, 526
1, 20711, 529
1, 20836, 515
1, 20960, 475
1, 21091, 447
1, 21215, 412
1, 21339, 379
1, 21463, 398
1, 21587, 413
1, 21711, 424
1, 21836, 430
1, 21960, 449
1, 22091, 456
1, 22215, 478
1, 22339, 477
1, 22463, 487
1, 22587, 498
1, 22711, 510
1, 22836, 494
1, 22960, 492
1, 23091, 462
1, 23215, 442
1, 23339, 422
1, 23463, 429
1, 23587, 408
1, 23711, 405
1, 23836, 387
1, 23960, 384
1, 24092, 395
1, 24216, 404
1, 24340, 419
1, 24465, 433
1, 24590, 434
1, 24714, 435
1, 24838, 436
1, 24963, 436
1, 25091, 447
1, 25215, 476
1, 25339, 484
1, 25463, 491
1, 25587, 488
1, 25711, 489
1, 25836, 495
1, 25960, 492
1, 26084, 487
1, 26210, 492
1, 26334, 456
1, 26457, 443
1, 26582, 437
1, 26706, 458
1, 26830, 470
1, 26955, 490
1, 27079, 503
1, 27204, 515
1, 27329, 519
1, 27455, 524
1, 27579, 518
1, 27704, 514
1, 27828, 524
1, 27952, 529
1, 28076, 544
1, 28201, 518
1, 28325, 516
1, 28448, 511
1, 28573, 519
1, 28697, 516
1, 28821, 525
1, 28946, 522
1, 29070, 509
1, 29196, 497
1, 29320, 502
1, 29445, 497
1, 29570, 486
1, 29694, 505
1, 29818, 500
1, 29943, 493
1, 30067, 490
1, 30191, 495
1, 30315, 509
1, 30440, 521
1, 30564, 528
1, 30688, 535
1, 30813, 530
1, 30937, 514
1, 31061, 513
1, 31186, 498
1, 31310, 510
1, 31435, 484
1, 31559, 446
1, 31683, 450
1, 31807, 446
1, 31932, 422
1, 32056, 466
1, 32181, 448
1, 32305, 450
1, 32429, 450
1, 32554, 449
1, 32678, 448
1, 32802, 438
1, 32926, 447
1, 33051, 447
1, 33176, 463
1, 33300, 459
1, 33425, 446
1, 33549, 425
2, -3686, 501
2, -3562, 483
2, -3438, 491
2, -3314, 489
2, -3189, 500
2, -3065, 507
2, -2941, 491
2, -2816, 486
2, -2691, 482
2, -2566, 483
2, -2442, 492
2, -2317, 494
2, -2193, 491
2, -2069, 497
2, -1945, 494
2, -1820, 490
2, -1696, 484
2, -1572, 496
2, -1448, 490
2, -1323, 492
2, -1199, 496
2, -1075, 492
2, -951, 497
2, -827, 497
2, -703, 493
2, -580, 485
2, -456, 496
2, -331, 493
2, -207, 495
2, -83, 495
2, 42, 495
2, 167, 494
2, 292, 488
2, 416, 449
2, 540, 503
2, 665, 493
2, 789, 497
2, 913, 489
2, 1037, 498
2, 1168, 502
2, 1293, 463
2, 1416, 489
2, 1540, 533
2, 1665, 568
2, 1789, 438
2, 1913, 373
2, 2038, 463
2, 2168, 559
2, 2293, 606
2, 2416, 574
2, 2540, 586
2, 2665, 561
2, 2789, 448
2, 2913, 319
2, 3038, 245
2, 3168, 303
2, 3293, 455
2, 3416, 562
2, 3541, 595
2, 3665, 619
2, 3789, 638
2, 3913, 653
2, 4038, 595
2, 4169, 521
2, 4293, 469
2, 4416, 468
2, 4541, 514
2, 4665, 585
2, 4789, 658
2, 4913, 766
2, 5038, 806
2, 5169, 679
2, 5293, 458
2, 5416, 265
2, 5541, 183
2, 5665, 175
2, 5789, 176
2, 5913, 215
2, 6038, 301
2, 6163, 381
2, 6288, 452
2, 6414, 499
2, 6538, 514
2, 6662, 514
2, 6787, 508
2, 6911, 538
2, 7035, 553
2, 7161, 485
2, 7285, 436
2, 7411, 429
2, 7535, 450
2, 7660, 414
2, 7784, 361
2, 7908, 399
2, 8032, 455
2, 8159, 501
2, 8284, 522
2, 8410, 528
2, 8534, 549
2, 8659, 537
2, 8783, 547
2, 8907, 568
2, 9031, 597
2, 9157, 574
2, 9281, 532
2, 9407, 495
2, 9531, 497
2, 9656, 519
2, 9780, 534
2, 9904, 515
2, 10028, 468
2, 10153, 427
2, 10277, 383
2, 10401, 400
2, 10526, 446
2, 10650, 499
2, 10774, 525
2, 10898, 533
2, 11023, 550
2, 11147, 574
2, 11271, 597
2, 11396, 586
2, 11520, 578
2, 11644, 577
2, 11768, 575
2, 11893, 578
2, 12017, 611
2, 12141, 651
2, 12266, 682
2, 12390, 690
2, 12514, 676
2, 12639, 663
2, 12763, 682
2, 12887, 742
2, 13011, 720
2, 13137, 677
2, 13262, 645
2, 13386, 673
2, 13510, 670
2, 13635, 660
2, 13759, 615
2, 13883, 583
2, 14008, 571
2, 14133, 582
2, 14257, 595
2, 14383, 570
2, 14507, 570
2, 14631, 557
2, 14756, 549
2, 14880, 559
2, 15004, 557
2, 15130, 565
2, 15254, 552
2, 15380, 529
2, 15504, 506
2, 15629, 475
2, 15753, 474
2, 15877, 510
2, 16001, 483
2, 16132, 470
2, 16257, 465
2, 16380, 459
2, 16504, 455
2, 16628, 441
2, 16753, 423
2, 16877, 437
2, 17001, 438
2, 17132, 426
2, 17256, 410
2, 17380, 389
2, 17504, 403
2, 17629, 381
2, 17753, 379
2, 17877, 359
2, 18001, 347
2, 18132, 332
2, 18257, 330
2, 18380, 329
2, 18504, 312
2, 18628, 317
2, 18753, 347
2, 18877, 342
2, 19001, 343
2, 19132, 343
2, 19256, 366
2, 19380, 388
2, 19504, 403
2, 19629, 397
2, 19753, 404
2, 19877, 408
2, 20001, 415
2, 20132, 434
2, 20257, 439
2, 20380, 443
2, 20504, 490
2, 20628, 520
2, 20753, 539
2, 20877, 534
2, 21001, 519
2, 21132, 500
2, 21257, 489
2, 21380, 480
2, 21504, 462
2, 21628, 441
2, 21753, 423
2, 21877, 410
2, 22001, 410
2, 22132, 424
2, 22256, 453
2, 22380, 483
2, 22504, 513
2, 22629, 515
2, 22753, 514
2, 22877, 505
2, 23001, 492
2, 23132, 494
2, 23257, 486
2, 23380, 476
2, 23504, 479
2, 23629, 510
2, 23753, 550
2, 23877, 571
2, 24001, 583
2, 24133, 584
2, 24257, 582
2, 24383, 577
2, 24507, 576
2, 24631, 560
2, 24755, 571
2, 24880, 580
2, 25004, 591
2, 25132, 585
2, 25256, 559
2, 25380, 531
2, 25504, 505
2, 25628, 488
2, 25753, 466
2, 25877, 455
2, 26001, 457
2, 26127, 444
2, 26251, 446
2, 26375, 457
2, 26499, 460
2, 26623, 461
2, 26747, 465
2, 26872, 457
2, 26996, 431
2, 27122, 415
2, 27246, 382
2, 27372, 382
2, 27496, 385
2, 27621, 406
2, 27745, 417
2, 27869, 432
2, 27994, 439
2, 28118, 435
2, 28242, 431
2, 28366, 395
2, 28490, 407
2, 28614, 417
2, 28738, 413
2, 28863, 417
2, 28987, 421
2, 29113, 431
2, 29237, 427
2, 29361, 422
2, 29487, 444
2, 29611, 467
2, 29735, 472
2, 29860, 499
2, 29984, 506
2, 30108, 501
2, 30232, 487
2, 30357, 486
2, 30481, 470
2, 30605, 465
2, 30730, 477
2, 30854, 491
2, 30978, 479
2, 31103, 489
2, 31227, 500
2, 31352, 499
2, 31476, 511
2, 31600, 520
2, 31725, 490
2, 31849, 493
2, 31973, 492
2, 32098, 509
2, 32222, 512
2, 32347, 514
2, 32471, 514
2, 32595, 514
2, 32719, 502
2, 32844, 490
2, 32968, 480
2, 33093, 472
2, 33218, 479
2, 33342, 482
2, 33466, 493
2, 33590, 505
