# UUID: 279c74af-40b4-453d-890c-7b51adabac15
# Label: p
0, -3794, 544
0, -3670, 504
0, -3545, 497
0, -3421, 494
0, -3297, 468
0, -3166, 428
0, -3042, 423
0, -2918, 464
0, -2794, 523
0, -2669, 565
0, -2545, 577
0, -2421, 567
0, -2297, 548
0, -2166, 518
0, -2042, 492
0, -1918, 482
0, -1793, 492
0, -1669, 502
0, -1545, 506
0, -1421, 502
0, -1296, 512
0, -1166, 529
0, -1041, 535
0, -917, 534
0, -793, 516
0, -669, 493
0, -545, 478
0, -420, 466
0, -296, 464
0, -165, 469
0, -41, 482
0, 84, 503
0, 208, 522
0, 332, 534
0, 456, 535
0, 581, 526
0, 705, 513
0, 833, 504
0, 957, 502
0, 1083, 504
0, 1207, 504
0, 1332, 502
0, 1456, 504
0, 1580, 514
0, 1704, 521
0, 1833, 521
0, 1957, 520
0, 2082, 528
0, 2207, 532
0, 2331, 528
0, 2455, 515
0, 2580, 504
0, 2704, 499
0, 2835, 503
0, 2959, 508
0, 3083, 513
0, 3208, 512
0, 3332, 506
0, 3456, 499
0, 3580, 490
0, 3705, 486
0, 3833, 492
0, 3957, 511
0, 4083, 532
0, 4207, 544
0, 4331, 543
0, 4456, 533
0, 4580, 517
0, 4704, 499
0, 4835, 490
0, 4959, 494
0, 5084, 508
0, 5208, 521
0, 5332, 531
0, 5456, 535
0, 5581, 535
0, 5705, 529
0, 5836, 512
0, 5960, 493
0, 6084, 480
0, 6209, 475
0, 6333, 484
0, 6457, 496
0, 6581, 507
0, 6706, 512
0, 6834, 515
0, 6958, 516
0, 7082, 515
0, 7207, 510
0, 7331, 504
0, 7455, 500
0, 7580, 500
0, 7704, 504
0, 7835, 510
0, 7959, 515
0, 8083, 516
0, 8208, 509
0, 8332, 501
0, 8456, 497
0, 8580, 501
0, 8705, 506
0, 8835, 505
0, 8960, 501
0, 9084, 496
0, 9208, 492
0, 9333, 492
0, 9457, 491
0, 9581, 497
0, 9706, 502
0, 9836, 509
0, 9961, 511
0, 10085, 512
0, 10209, 509
0, 10333, 499
0, 10458, 493
0, 10582, 487
0, 10706, 489
0, 10835, 497
0, 10959, 508
0, 11084, 518
0, 11208, 521
0, 11332, 520
0, 11457, 517
0, 11581, 512
0, 11705, 507
0, 11836, 506
0, 11960, 508
0, 12085, 515
0, 12209, 524
0, 12333, 538
0, 12457, 548
0, 12582, 552
0, 12706, 550
0, 12837, 544
0, 12961, 541
0, 13085, 541
0, 13210, 543
0, 13334, 544
0, 13458, 544
0, 13582, 542
0, 13707, 534
0, 13835, 520
0, 13959, 507
0, 14083, 494
0, 14208, 488
0, 14332, 488
0, 14456, 491
0, 14581, 499
0, 14705, 506
0, 14836, 511
0, 14960, 513
0, 15084, 509
0, 15209, 507
0, 15333, 505
0, 15457, 504
0, 15581, 506
0, 15706, 514
0, 15837, 528
0, 15961, 539
0, 16085, 544
0, 16209, 540
0, 16334, 531
0, 16458, 522
0, 16582, 512
0, 16707, 503
0, 16837, 494
0, 16962, 489
0, 17086, 492
0, 17210, 496
0, 17334, 499
0, 17459, 501
0, 17583, 503
0, 17707, 503
0, 17838, 505
0, 17962, 509
0, 18087, 513
0, 18211, 516
0, 18335, 517
0, 18460, 520
0, 18584, 520
0, 18708, 516
0, 18836, 510
0, 18961, 505
0, 19085, 503
0, 19209, 502
0, 19333, 505
0, 19458, 505
0, 19582, 507
0, 19706, 505
0, 19837, 504
0, 19961, 504
0, 20086, 502
0, 20210, 497
0, 20334, 494
0, 20459, 490
0, 20583, 487
0, 20707, 488
0, 20838, 489
0, 20962, 491
0, 21087, 492
0, 21211, 494
0, 21335, 496
0, 21459, 499
0, 21584, 502
0, 21708, 505
0, 21839, 506
0, 21963, 504
0, 22087, 503
0, 22212, 502
0, 22336, 504
0, 22460, 506
0, 22585, 509
0, 22709, 511
0, 22837, 513
0, 22961, 514
0, 23086, 515
0, 23210, 513
0, 23334, 512
0, 23458, 512
0, 23583, 511
0, 23707, 512
0, 23838, 512
0, 23962, 512
0, 24086, 510
0, 24211, 508
0, 24335, 505
0, 24459, 502
0, 24584, 500
0, 24708, 499
0, 24839, 497
0, 24963, 496
0, 25087, 497
0, 25211, 499
0, 25336, 503
0, 25460, 504
0, 25584, 505
0, 25709, 503
0, 25839, 500
0, 25964, 497
0, 26088, 498
0, 26212, 495
0, 26337, 478
0, 26461, 500
0, 26585, 502
0, 26709, 500
0, 26838, 498
0, 26963, 495
0, 27087, 493
0, 27211, 490
0, 27335, 489
0, 27460, 489
0, 27584, 491
0, 27708, 493
0, 27839, 496
0, 27963, 499
0, 28088, 503
0, 28212, 506
0, 28336, 509
0, 28461, 512
0, 28585, 515
0, 28709, 518
0, 28840, 520
0, 28964, 520
0, 29089, 519
0, 29213, 514
0, 29337, 510
0, 29461, 506
0, 29586, 504
0, 29710, 503
0, 29838, 503
0, 29962, 503
0, 30087, 504
0, 30211, 505
0, 30335, 504
0, 30459, 506
0, 30584, 507
0, 30708, 506
0, 30839, 507
0, 30963, 507
0, 31087, 506
0, 31212, 507
0, 31336, 508
0, 31460, 509
0, 31585, 510
0, 31709, 511
0, 31840, 510
0, 31964, 509
0, 32088, 507
0, 32213, 504
0, 32337, 502
0, 32461, 503
0, 32585, 501
0, 32710, 502
0, 32841, 501
0, 32965, 499
0, 33089, 500
0, 33213, 498
0, 33338, 498
0, 33462, 496
0, 33586, 496
1, -3753, 510
1, -3628, 509
1, -3504, 507
1, -3380, 504
1, -3249, 514
1, -3125, 519
1, -3001, 518
1, -2876, 503
1, -2752, 510
1, -2628, 520
1, -2504, 514
1, -2380, 503
1, -2249, 499
1, -2125, 510
1, -2000, 532
1, -1876, 502
1, -1752, 495
1, -1628, 509
1, -1503, 530
1, -1379, 535
1, -1249, 518
1, -1124, 496
1, -1000, 499
1, -876, 494
1, -752, 494
1, -627, 483
1, -503, 476
1, -379, 479
1, -248, 519
1, -124, 563
1, 0, 603
1, 125, 594
1, 249, 562
1, 374, 517
1, 498, 474
1, 622, 439
1, 750, 417
1, 875, 426
1, 1000, 455
1, 1124, 498
1, 1249, 543
1, 1373, 577
1, 1497, 599
1, 1622, 603
1, 1750, 571
1, 1874, 509
1, 2000, 448
1, 2124, 418
1, 2248, 427
1, 2372, 455
1, 2497, 485
1, 2621, 526
1, 2752, 578
1, 2876, 606
1, 3000, 605
1, 3125, 577
1, 3249, 552
1, 3373, 534
1, 3498, 510
1, 3622, 485
1, 3750, 463
1, 3874, 448
1, 4000, 441
1, 4124, 438
1, 4248, 432
1, 4373, 437
1, 4497, 447
1, 4621, 469
1, 4752, 491
1, 4876, 495
1, 5001, 498
1, 5125, 490
1, 5249, 482
1, 5374, 484
1, 5498, 492
1, 5622, 499
1, 5753, 501
1, 5877, 500
1, 6001, 503
1, 6126, 490
1, 6250, 502
1, 6374, 524
1, 6499, 547
1, 6623, 557
1, 6751, 552
1, 6875, 544
1, 7000, 535
1, 7124, 541
1, 7248, 547
1, 7372, 555
1, 7497, 555
1, 7621, 551
1, 7752, 565
1, 7876, 552
1, 8000, 560
1, 8125, 563
1, 8249, 556
1, 8373, 546
1, 8498, 535
1, 8622, 527
1, 8753, 526
1, 8877, 508
1, 9001, 526
1, 9125, 519
1, 9250, 510
1, 9374, 504
1, 9498, 505
1, 9623, 505
1, 9753, 503
1, 9878, 504
1, 10002, 502
1, 10126, 499
1, 10251, 494
1, 10375, 492
1, 10499, 493
1, 10623, 494
1, 10752, 504
1, 10877, 491
1, 11001, 483
1, 11125, 472
1, 11249, 465
1, 11374, 462
1, 11498, 468
1, 11622, 471
1, 11753, 482
1, 11877, 473
1, 12002, 478
1, 12126, 479
1, 12250, 478
1, 12375, 471
1, 12499, 465
1, 12623, 455
1, 12754, 453
1, 12878, 442
1, 13002, 452
1, 13127, 453
1, 13251, 464
1, 13375, 475
1, 13500, 491
1, 13624, 505
1, 13752, 513
1, 13876, 517
1, 14001, 519
1, 14125, 515
1, 14249, 518
1, 14373, 526
1, 14498, 531
1, 14622, 535
1, 14753, 535
1, 14877, 532
1, 15001, 529
1, 15126, 523
1, 15250, 531
1, 15374, 541
1, 15499, 548
1, 15623, 556
1, 15754, 559
1, 15878, 562
1, 16002, 565
1, 16127, 565
1, 16251, 557
1, 16375, 543
1, 16499, 533
1, 16624, 525
1, 16754, 521
1, 16879, 530
1, 17003, 515
1, 17127, 515
1, 17252, 512
1, 17376, 505
1, 17500, 498
1, 17624, 493
1, 17755, 496
1, 17880, 501
1, 18004, 507
1, 18128, 505
1, 18252, 504
1, 18377, 501
1, 18501, 502
1, 18625, 501
1, 18753, 497
1, 18878, 498
1, 19002, 500
1, 19126, 507
1, 19251, 510
1, 19375, 514
1, 19499, 513
1, 19623, 514
1, 19754, 527
1, 19879, 516
1, 20003, 520
1, 20127, 520
1, 20251, 519
1, 20376, 515
1, 20500, 512
1, 20624, 511
1, 20755, 510
1, 20879, 510
1, 21004, 509
1, 21128, 506
1, 21252, 506
1, 21377, 503
1, 21501, 502
1, 21625, 500
1, 21756, 497
1, 21880, 493
1, 22005, 494
1, 22129, 496
1, 22253, 500
1, 22377, 504
1, 22502, 503
1, 22626, 502
1, 22754, 502
1, 22878, 504
1, 23003, 507
1, 23127, 511
1, 23251, 516
1, 23376, 518
1, 23500, 520
1, 23624, 522
1, 23755, 517
1, 23879, 522
1, 24004, 523
1, 24128, 524
1, 24252, 526
1, 24376, 521
1, 24501, 522
1, 24625, 523
1, 24756, 516
1, 24880, 513
1, 25004, 518
1, 25129, 515
1, 25253, 514
1, 25377, 508
1, 25501, 504
1, 25626, 503
1, 25757, 498
1, 25881, 497
1, 26005, 495
1, 26129, 493
1, 26254, 497
1, 26378, 495
1, 26502, 498
1, 26627, 502
1, 26755, 498
1, 26880, 510
1, 27004, 516
1, 27128, 521
1, 27253, 527
1, 27377, 528
1, 27501, 533
1, 27625, 534
1, 27756, 543
1, 27881, 536
1, 28005, 530
1, 28129, 530
1, 28253, 528
1, 28378, 525
1, 28502, 530
1, 28626, 531
1, 28757, 535
1, 28881, 540
1, 29006, 534
1, 29130, 531
1, 29254, 530
1, 29379, 524
1, 29503, 516
1, 29627, 509
1, 29755, 502
1, 29879, 495
1, 30004, 491
1, 30128, 488
1, 30252, 491
1, 30377, 491
1, 30501, 496
1, 30625, 499
1, 30756, 501
1, 30880, 501
1, 31005, 503
1, 31129, 502
1, 31253, 504
1, 31377, 509
1, 31502, 507
1, 31626, 510
1, 31757, 511
1, 31881, 514
1, 32005, 517
1, 32130, 519
1, 32254, 521
1, 32378, 522
1, 32503, 521
1, 32627, 522
1, 32758, 521
1, 32882, 523
1, 33006, 519
1, 33131, 516
1, 33255, 513
1, 33379, 508
1, 33503, 506
1, 33628, 501
2, -3711, 490
2, -3587, 484
2, -3463, 474
2, -3338, 468
2, -3208, 463
2, -3084, 467
2, -2959, 481
2, -2835, 497
2, -2711, 531
2, -2587, 554
2, -2462, 574
2, -2338, 593
2, -2207, 592
2, -2083, 592
2, -1959, 570
2, -1835, 553
2, -1711, 538
2, -1586, 508
2, -1462, 487
2, -1338, 477
2, -1207, 486
2, -1083, 482
2, -959, 456
2, -834, 453
2, -710, 477
2, -586, 500
2, -462, 498
2, -338, 487
2, -207, 494
2, -83, 500
2, 42, 496
2, 166, 477
2, 291, 483
2, 415, 519
2, 539, 549
2, 664, 563
2, 792, 566
2, 916, 563
2, 1042, 551
2, 1166, 526
2, 1290, 505
2, 1414, 514
2, 1539, 551
2, 1663, 582
2, 1791, 581
2, 1915, 547
2, 2041, 516
2, 2165, 503
2, 2290, 509
2, 2414, 513
2, 2538, 506
2, 2662, 506
2, 2793, 518
2, 2918, 531
2, 3042, 538
2, 3166, 525
2, 3290, 505
2, 3415, 481
2, 3539, 470
2, 3663, 475
2, 3791, 486
2, 3916, 494
2, 4041, 496
2, 4166, 494
2, 4290, 490
2, 4414, 496
2, 4538, 511
2, 4663, 522
2, 4793, 512
2, 4918, 489
2, 5042, 476
2, 5166, 485
2, 5291, 506
2, 5415, 522
2, 5539, 533
2, 5664, 542
2, 5794, 539
2, 5919, 521
2, 6043, 495
2, 6167, 476
2, 6291, 474
2, 6416, 481
2, 6540, 489
2, 6664, 497
2, 6792, 507
2, 6917, 515
2, 7041, 515
2, 7165, 506
2, 7290, 491
2, 7414, 483
2, 7538, 482
2, 7662, 480
2, 7793, 479
2, 7918, 480
2, 8042, 488
2, 8166, 499
2, 8290, 514
2, 8415, 529
2, 8539, 538
2, 8663, 542
2, 8794, 544
2, 8918, 540
2, 9043, 530
2, 9167, 520
2, 9291, 508
2, 9415, 496
2, 9540, 488
2, 9664, 481
2, 9795, 469
2, 9919, 463
2, 10043, 464
2, 10168, 479
2, 10292, 507
2, 10416, 536
2, 10541, 559
2, 10665, 568
2, 10794, 564
2, 10918, 552
2, 11042, 541
2, 11167, 534
2, 11291, 531
2, 11415, 523
2, 11539, 512
2, 11664, 505
2, 11794, 503
2, 11919, 500
2, 12043, 489
2, 12167, 478
2, 12292, 472
2, 12416, 482
2, 12540, 497
2, 12665, 506
2, 12795, 510
2, 12920, 510
2, 13044, 509
2, 13168, 510
2, 13292, 509
2, 13417, 512
2, 13541, 519
2, 13665, 529
2, 13793, 533
2, 13918, 527
2, 14042, 518
2, 14166, 509
2, 14291, 503
2, 14415, 499
2, 14539, 495
2, 14663, 495
2, 14794, 497
2, 14919, 499
2, 15043, 500
2, 15167, 501
2, 15291, 503
2, 15416, 508
2, 15540, 511
2, 15664, 516
2, 15795, 515
2, 15919, 515
2, 16044, 514
2, 16168, 510
2, 16292, 505
2, 16417, 505
2, 16541, 506
2, 16665, 511
2, 16796, 512
2, 16920, 509
2, 17044, 502
2, 17169, 499
2, 17293, 499
2, 17417, 501
2, 17542, 508
2, 17666, 516
2, 17797, 523
2, 17921, 523
2, 18045, 516
2, 18170, 509
2, 18294, 504
2, 18418, 504
2, 18542, 506
2, 18667, 505
2, 18795, 504
2, 18919, 504
2, 19043, 503
2, 19168, 499
2, 19292, 499
2, 19416, 501
2, 19541, 505
2, 19665, 509
2, 19796, 509
2, 19920, 510
2, 20044, 512
2, 20169, 513
2, 20293, 513
2, 20417, 510
2, 20541, 505
2, 20666, 501
2, 20797, 499
2, 20921, 499
2, 21045, 500
2, 21169, 504
2, 21294, 506
2, 21418, 507
2, 21542, 508
2, 21667, 506
2, 21797, 504
2, 21922, 502
2, 22046, 501
2, 22170, 500
2, 22295, 500
2, 22419, 502
2, 22543, 506
2, 22667, 510
2, 22796, 516
2, 22920, 520
2, 23044, 523
2, 23168, 527
2, 23293, 531
2, 23417, 529
2, 23541, 526
2, 23666, 521
2, 23796, 516
2, 23921, 513
2, 24045, 514
2, 24169, 513
2, 24294, 513
2, 24418, 509
2, 24542, 505
2, 24666, 501
2, 24797, 496
2, 24921, 490
2, 25046, 487
2, 25170, 486
2, 25294, 485
2, 25419, 487
2, 25543, 490
2, 25667, 493
2, 25798, 498
2, 25922, 500
2, 26047, 502
2, 26171, 505
2, 26295, 507
2, 26419, 508
2, 26544, 507
2, 26668, 505
2, 26797, 504
2, 26921, 504
2, 27045, 506
2, 27170, 506
2, 27294, 504
2, 27418, 503
2, 27543, 501
2, 27667, 498
2, 27798, 497
2, 27922, 498
2, 28046, 500
2, 28171, 503
2, 28295, 504
2, 28419, 504
2, 28543, 502
2, 28668, 501
2, 28798, 502
2, 28923, 500
2, 29047, 503
2, 29171, 506
2, 29296, 509
2, 29420, 512
2, 29544, 513
2, 29669, 513
2, 29797, 513
2, 29921, 512
2, 30045, 512
2, 30169, 511
2, 30294, 513
2, 30418, 513
2, 30542, 517
2, 30667, 520
2, 30797, 523
2, 30922, 521
2, 31046, 519
2, 31170, 515
2, 31295, 511
2, 31419, 507
2, 31543, 501
2, 31667, 499
2, 31798, 497
2, 31923, 496
2, 32047, 497
2, 32171, 497
2, 32295, 498
2, 32420, 497
2, 32544, 499
2, 32668, 501
2, 32799, 503
2, 32923, 507
2, 33048, 509
2, 33172, 513
2, 33296, 515
2, 33421, 519
2, 33545, 522
2, 33669, 522
