# UUID: 059fc8e8-b69f-416e-9e77-1d331537ae3a
# Label: n
0, -3794, 530
0, -3670, 537
0, -3539, 540
0, -3415, 543
0, -3290, 546
0, -3166, 550
0, -3042, 553
0, -2918, 557
0, -2794, 560
0, -2669, 565
0, -2539, 570
0, -2414, 573
0, -2290, 576
0, -2166, 579
0, -2042, 580
0, -1917, 579
0, -1793, 578
0, -1669, 575
0, -1538, 571
0, -1414, 566
0, -1290, 561
0, -1166, 555
0, -1041, 548
0, -917, 541
0, -793, 534
0, -669, 530
0, -538, 522
0, -414, 517
0, -290, 514
0, -165, 509
0, -41, 506
0, 84, 503
0, 208, 499
0, 332, 497
0, 463, 494
0, 587, 492
0, 712, 492
0, 836, 491
0, 960, 490
0, 1084, 490
0, 1209, 490
0, 1333, 491
0, 1464, 492
0, 1588, 491
0, 1712, 491
0, 1837, 490
0, 1961, 491
0, 2085, 492
0, 2210, 491
0, 2334, 492
0, 2462, 493
0, 2586, 493
0, 2711, 495
0, 2835, 493
0, 2959, 495
0, 3083, 496
0, 3208, 494
0, 3332, 495
0, 3463, 492
0, 3588, 490
0, 3712, 488
0, 3836, 486
0, 3961, 486
0, 4085, 482
0, 4209, 481
0, 4333, 479
0, 4464, 479
0, 4588, 475
0, 4713, 473
0, 4837, 473
0, 4961, 473
0, 5086, 472
0, 5210, 471
0, 5334, 467
0, 5465, 468
0, 5589, 466
0, 5714, 464
0, 5838, 463
0, 5962, 462
0, 6086, 462
0, 6211, 461
0, 6336, 464
0, 6465, 466
0, 6589, 469
0, 6713, 473
0, 6837, 477
0, 6962, 480
0, 7086, 486
0, 7210, 491
0, 7335, 497
0, 7465, 502
0, 7590, 507
0, 7714, 512
0, 7838, 517
0, 7962, 521
0, 8087, 528
0, 8211, 533
0, 8334, 540
0, 8465, 546
0, 8589, 554
0, 8713, 561
0, 8838, 569
0, 8962, 576
0, 9086, 582
0, 9211, 589
0, 9336, 594
0, 9464, 600
0, 9589, 604
0, 9713, 609
0, 9837, 613
0, 9961, 614
0, 10086, 617
0, 10210, 619
0, 10334, 620
0, 10465, 621
0, 10589, 620
0, 10714, 620
0, 10838, 619
0, 10962, 618
0, 11087, 617
0, 11211, 616
0, 11336, 614
0, 11465, 612
0, 11589, 610
0, 11713, 606
0, 11837, 603
0, 11962, 601
0, 12086, 597
0, 12210, 594
0, 12335, 593
0, 12465, 591
0, 12590, 590
0, 12714, 591
0, 12838, 590
0, 12963, 589
0, 13087, 590
0, 13211, 590
0, 13337, 591
0, 13468, 590
0, 13592, 591
0, 13716, 591
0, 13840, 592
0, 13965, 592
0, 14089, 594
0, 14213, 594
0, 14339, 595
0, 14467, 596
0, 14591, 597
0, 14716, 595
0, 14840, 596
0, 14964, 594
0, 15088, 594
0, 15213, 591
0, 15338, 587
0, 15467, 583
0, 15591, 579
0, 15715, 574
0, 15839, 566
0, 15964, 561
0, 16088, 555
0, 16212, 549
0, 16338, 543
0, 16466, 539
0, 16590, 534
0, 16715, 529
0, 16839, 525
0, 16963, 521
0, 17087, 517
0, 17212, 514
0, 17337, 511
0, 17468, 509
0, 17592, 507
0, 17717, 508
0, 17841, 508
0, 17965, 511
0, 18090, 512
0, 18214, 517
0, 18339, 519
0, 18468, 524
0, 18592, 529
0, 18716, 536
0, 18840, 541
0, 18965, 547
0, 19089, 554
0, 19213, 562
0, 19339, 569
0, 19468, 574
0, 19592, 584
0, 19716, 591
0, 19841, 598
0, 19965, 606
0, 20089, 612
0, 20214, 617
0, 20339, 625
0, 20467, 631
0, 20592, 636
0, 20716, 642
0, 20840, 647
0, 20964, 651
0, 21089, 653
0, 21213, 654
0, 21339, 656
0, 21469, 655
0, 21594, 654
0, 21718, 653
0, 21842, 652
0, 21967, 649
0, 22091, 646
0, 22215, 644
0, 22341, 641
0, 22469, 638
0, 22593, 636
0, 22717, 634
0, 22842, 632
0, 22966, 631
0, 23090, 628
0, 23215, 627
0, 23340, 626
0, 23468, 625
0, 23593, 625
0, 23717, 623
0, 23841, 622
0, 23965, 621
0, 24090, 622
0, 24214, 624
0, 24337, 625
0, 24468, 627
0, 24592, 627
0, 24716, 629
0, 24841, 631
0, 24965, 632
0, 25089, 635
0, 25214, 637
0, 25339, 640
0, 25470, 642
0, 25594, 644
0, 25719, 647
0, 25843, 647
0, 25967, 648
0, 26091, 647
0, 26216, 648
0, 26341, 647
0, 26469, 646
0, 26594, 646
0, 26718, 643
0, 26842, 639
0, 26967, 635
0, 27091, 632
0, 27215, 627
0, 27341, 625
0, 27469, 620
0, 27593, 617
0, 27718, 615
0, 27842, 613
0, 27966, 610
0, 28090, 606
0, 28215, 603
0, 28340, 601
0, 28471, 599
0, 28595, 597
0, 28720, 593
0, 28844, 592
0, 28968, 589
0, 29093, 588
0, 29217, 587
0, 29340, 584
0, 29471, 585
0, 29595, 584
0, 29720, 584
0, 29844, 583
0, 29968, 583
0, 30092, 583
0, 30217, 583
0, 30340, 583
0, 30471, 582
0, 30595, 582
0, 30720, 581
0, 30844, 580
0, 30968, 579
0, 31092, 579
0, 31217, 576
0, 31340, 574
0, 31471, 573
0, 31595, 570
0, 31720, 570
0, 31844, 566
0, 31968, 565
0, 32093, 563
0, 32217, 561
0, 32340, 560
0, 32471, 557
0, 32596, 554
0, 32720, 551
0, 32844, 548
0, 32969, 544
0, 33093, 540
0, 33217, 535
0, 33343, 532
0, 33472, 527
0, 33596, 521
1, -3752, 532
1, -3628, 527
1, -3497, 523
1, -3373, 521
1, -3249, 518
1, -3125, 517
1, -3001, 509
1, -2876, 508
1, -2752, 502
1, -2628, 501
1, -2497, 499
1, -2373, 498
1, -2249, 501
1, -2124, 503
1, -2000, 506
1, -1876, 511
1, -1752, 514
1, -1628, 520
1, -1497, 526
1, -1373, 531
1, -1248, 536
1, -1124, 551
1, -1000, 551
1, -876, 559
1, -751, 564
1, -627, 573
1, -497, 579
1, -372, 587
1, -248, 592
1, -124, 596
1, 0, 604
1, 125, 608
1, 249, 613
1, 374, 617
1, 504, 617
1, 629, 620
1, 753, 621
1, 877, 618
1, 1002, 628
1, 1126, 613
1, 1250, 609
1, 1374, 600
1, 1505, 594
1, 1630, 586
1, 1754, 579
1, 1878, 568
1, 2002, 560
1, 2127, 550
1, 2251, 540
1, 2375, 534
1, 2503, 526
1, 2628, 523
1, 2752, 505
1, 2876, 505
1, 3001, 501
1, 3125, 495
1, 3249, 491
1, 3373, 487
1, 3505, 485
1, 3629, 486
1, 3753, 485
1, 3878, 485
1, 4002, 489
1, 4126, 492
1, 4251, 495
1, 4375, 500
1, 4506, 504
1, 4630, 509
1, 4754, 515
1, 4878, 519
1, 5003, 507
1, 5127, 531
1, 5251, 539
1, 5376, 539
1, 5506, 544
1, 5631, 548
1, 5755, 548
1, 5879, 547
1, 6004, 545
1, 6128, 542
1, 6252, 539
1, 6378, 534
1, 6506, 527
1, 6630, 519
1, 6755, 513
1, 6879, 510
1, 7003, 509
1, 7127, 485
1, 7252, 477
1, 7376, 467
1, 7507, 457
1, 7631, 449
1, 7755, 439
1, 7880, 431
1, 8004, 424
1, 8128, 417
1, 8252, 412
1, 8375, 409
1, 8506, 406
1, 8631, 407
1, 8755, 408
1, 8879, 416
1, 9003, 414
1, 9128, 419
1, 9252, 426
1, 9378, 433
1, 9506, 442
1, 9630, 451
1, 9754, 461
1, 9879, 473
1, 10003, 484
1, 10127, 495
1, 10251, 506
1, 10376, 518
1, 10507, 530
1, 10631, 541
1, 10755, 556
1, 10879, 571
1, 11004, 575
1, 11128, 584
1, 11252, 590
1, 11378, 596
1, 11506, 601
1, 11630, 604
1, 11755, 606
1, 11879, 605
1, 12003, 607
1, 12127, 606
1, 12252, 600
1, 12376, 599
1, 12507, 593
1, 12631, 588
1, 12755, 582
1, 12880, 576
1, 13004, 569
1, 13128, 562
1, 13253, 553
1, 13378, 546
1, 13509, 537
1, 13633, 528
1, 13758, 518
1, 13882, 508
1, 14006, 505
1, 14130, 506
1, 14255, 486
1, 14380, 477
1, 14508, 468
1, 14633, 462
1, 14757, 457
1, 14881, 452
1, 15006, 451
1, 15130, 450
1, 15254, 450
1, 15380, 452
1, 15508, 454
1, 15632, 457
1, 15757, 462
1, 15881, 461
1, 16005, 469
1, 16129, 475
1, 16254, 478
1, 16379, 481
1, 16507, 487
1, 16632, 490
1, 16756, 494
1, 16880, 499
1, 17005, 503
1, 17129, 506
1, 17253, 513
1, 17379, 516
1, 17510, 521
1, 17634, 526
1, 17758, 529
1, 17882, 532
1, 18007, 533
1, 18131, 533
1, 18255, 531
1, 18381, 530
1, 18509, 525
1, 18633, 521
1, 18758, 518
1, 18882, 518
1, 19006, 503
1, 19130, 494
1, 19255, 487
1, 19380, 481
1, 19509, 473
1, 19633, 469
1, 19758, 462
1, 19882, 456
1, 20006, 452
1, 20131, 448
1, 20255, 442
1, 20381, 440
1, 20509, 437
1, 20633, 438
1, 20757, 441
1, 20882, 437
1, 21006, 437
1, 21130, 440
1, 21254, 441
1, 21380, 442
1, 21511, 447
1, 21635, 450
1, 21759, 457
1, 21884, 461
1, 22008, 466
1, 22132, 472
1, 22257, 477
1, 22382, 482
1, 22510, 487
1, 22635, 490
1, 22759, 493
1, 22883, 495
1, 23007, 497
1, 23132, 499
1, 23256, 498
1, 23382, 498
1, 23510, 496
1, 23634, 494
1, 23758, 499
1, 23883, 505
1, 24007, 490
1, 24131, 490
1, 24255, 484
1, 24378, 483
1, 24509, 477
1, 24634, 473
1, 24758, 470
1, 24882, 465
1, 25006, 460
1, 25131, 455
1, 25255, 451
1, 25381, 449
1, 25511, 446
1, 25636, 442
1, 25760, 441
1, 25884, 442
1, 26009, 457
1, 26133, 441
1, 26257, 452
1, 26383, 445
1, 26511, 448
1, 26635, 453
1, 26759, 457
1, 26884, 463
1, 27008, 468
1, 27132, 474
1, 27257, 480
1, 27382, 487
1, 27510, 495
1, 27635, 501
1, 27759, 486
1, 27883, 512
1, 28008, 518
1, 28132, 522
1, 28256, 526
1, 28382, 530
1, 28512, 536
1, 28637, 538
1, 28761, 541
1, 28885, 544
1, 29010, 546
1, 29134, 547
1, 29258, 547
1, 29382, 549
1, 29512, 550
1, 29637, 548
1, 29761, 547
1, 29885, 549
1, 30010, 544
1, 30134, 546
1, 30258, 550
1, 30382, 544
1, 30512, 544
1, 30637, 544
1, 30761, 543
1, 30885, 542
1, 31010, 542
1, 31134, 543
1, 31258, 544
1, 31382, 548
1, 31513, 552
1, 31637, 557
1, 31761, 563
1, 31885, 570
1, 32010, 578
1, 32134, 587
1, 32258, 594
1, 32382, 606
1, 32513, 615
1, 32637, 622
1, 32761, 633
1, 32886, 644
1, 33010, 658
1, 33134, 659
1, 33259, 667
1, 33385, 672
1, 33513, 677
1, 33637, 685
2, -3711, 447
2, -3580, 440
2, -3456, 436
2, -3332, 433
2, -3208, 434
2, -3083, 434
2, -2959, 435
2, -2835, 440
2, -2711, 444
2, -2580, 449
2, -2456, 454
2, -2332, 458
2, -2207, 464
2, -2083, 468
2, -1959, 470
2, -1835, 475
2, -1710, 478
2, -1580, 482
2, -1455, 487
2, -1331, 489
2, -1207, 494
2, -1083, 497
2, -959, 500
2, -834, 503
2, -710, 506
2, -579, 507
2, -455, 510
2, -331, 511
2, -207, 509
2, -82, 508
2, 42, 507
2, 167, 506
2, 291, 503
2, 422, 499
2, 546, 497
2, 670, 492
2, 794, 490
2, 919, 485
2, 1043, 480
2, 1167, 477
2, 1292, 472
2, 1422, 474
2, 1547, 470
2, 1671, 461
2, 1795, 459
2, 1920, 454
2, 2044, 451
2, 2168, 446
2, 2292, 445
2, 2420, 443
2, 2545, 440
2, 2669, 442
2, 2793, 440
2, 2918, 442
2, 3042, 441
2, 3166, 443
2, 3290, 445
2, 3422, 447
2, 3546, 449
2, 3671, 456
2, 3795, 455
2, 3919, 463
2, 4043, 464
2, 4168, 472
2, 4292, 477
2, 4423, 485
2, 4547, 492
2, 4671, 498
2, 4796, 505
2, 4920, 512
2, 5044, 519
2, 5168, 525
2, 5293, 530
2, 5424, 540
2, 5548, 551
2, 5672, 543
2, 5796, 546
2, 5921, 549
2, 6045, 549
2, 6169, 553
2, 6295, 553
2, 6423, 555
2, 6547, 553
2, 6672, 551
2, 6796, 551
2, 6920, 549
2, 7045, 545
2, 7169, 541
2, 7293, 537
2, 7424, 528
2, 7548, 529
2, 7672, 524
2, 7797, 520
2, 7921, 515
2, 8045, 514
2, 8170, 512
2, 8293, 511
2, 8423, 509
2, 8548, 508
2, 8672, 508
2, 8796, 509
2, 8921, 508
2, 9045, 508
2, 9169, 508
2, 9295, 507
2, 9423, 507
2, 9547, 508
2, 9671, 503
2, 9796, 507
2, 9920, 506
2, 10044, 506
2, 10169, 507
2, 10293, 508
2, 10424, 509
2, 10548, 511
2, 10672, 513
2, 10797, 514
2, 10921, 516
2, 11045, 520
2, 11169, 523
2, 11295, 525
2, 11423, 529
2, 11547, 530
2, 11672, 535
2, 11796, 537
2, 11920, 541
2, 12045, 546
2, 12169, 548
2, 12293, 552
2, 12424, 554
2, 12548, 559
2, 12673, 563
2, 12797, 564
2, 12921, 566
2, 13045, 572
2, 13170, 574
2, 13295, 577
2, 13426, 579
2, 13550, 583
2, 13675, 585
2, 13799, 587
2, 13923, 591
2, 14048, 592
2, 14172, 592
2, 14297, 592
2, 14426, 610
2, 14550, 591
2, 14674, 590
2, 14798, 588
2, 14923, 584
2, 15047, 582
2, 15171, 578
2, 15297, 575
2, 15425, 571
2, 15549, 568
2, 15674, 566
2, 15798, 564
2, 15922, 564
2, 16047, 564
2, 16171, 564
2, 16296, 562
2, 16425, 566
2, 16549, 567
2, 16673, 570
2, 16797, 574
2, 16922, 579
2, 17046, 582
2, 17170, 586
2, 17296, 588
2, 17427, 588
2, 17551, 594
2, 17675, 597
2, 17800, 602
2, 17924, 607
2, 18048, 607
2, 18172, 610
2, 18298, 614
2, 18426, 616
2, 18550, 620
2, 18675, 625
2, 18799, 628
2, 18923, 631
2, 19048, 633
2, 19172, 633
2, 19298, 634
2, 19426, 633
2, 19551, 630
2, 19675, 628
2, 19799, 622
2, 19923, 618
2, 20048, 617
2, 20172, 608
2, 20298, 603
2, 20426, 596
2, 20550, 589
2, 20674, 581
2, 20799, 574
2, 20923, 568
2, 21047, 560
2, 21172, 554
2, 21297, 547
2, 21428, 541
2, 21552, 530
2, 21676, 532
2, 21801, 529
2, 21925, 525
2, 22049, 520
2, 22174, 516
2, 22299, 514
2, 22427, 493
2, 22552, 509
2, 22676, 509
2, 22800, 507
2, 22925, 506
2, 23049, 508
2, 23173, 509
2, 23299, 511
2, 23427, 513
2, 23551, 516
2, 23675, 521
2, 23800, 525
2, 23924, 529
2, 24048, 532
2, 24173, 536
2, 24296, 538
2, 24426, 542
2, 24551, 544
2, 24675, 547
2, 24799, 549
2, 24924, 555
2, 25048, 558
2, 25172, 560
2, 25298, 563
2, 25428, 565
2, 25553, 566
2, 25677, 566
2, 25801, 568
2, 25926, 570
2, 26050, 570
2, 26174, 570
2, 26300, 571
2, 26428, 572
2, 26552, 574
2, 26677, 571
2, 26801, 571
2, 26925, 569
2, 27049, 568
2, 27174, 565
2, 27299, 564
2, 27427, 563
2, 27552, 564
2, 27676, 564
2, 27800, 567
2, 27925, 568
2, 28049, 572
2, 28173, 577
2, 28299, 581
2, 28430, 590
2, 28554, 605
2, 28678, 593
2, 28802, 602
2, 28927, 604
2, 29051, 609
2, 29175, 610
2, 29299, 616
2, 29430, 617
2, 29554, 624
2, 29678, 626
2, 29802, 630
2, 29927, 634
2, 30051, 637
2, 30175, 639
2, 30299, 643
2, 30430, 630
2, 30554, 647
2, 30678, 652
2, 30802, 656
2, 30927, 655
2, 31051, 658
2, 31175, 659
2, 31299, 659
2, 31430, 638
2, 31554, 657
2, 31678, 657
2, 31803, 655
2, 31927, 649
2, 32051, 643
2, 32175, 638
2, 32299, 632
2, 32430, 626
2, 32554, 619
2, 32678, 615
2, 32803, 608
2, 32927, 601
2, 33051, 596
2, 33176, 589
2, 33302, 583
2, 33430, 561
2, 33554, 572
2, 33679, 568
