# UUID: c36ee103-b4c6-456e-8a89-e38ce7bd0b67
# Label: p
0, -3752, 510
0, -3628, 510
0, -3500, 512
0, -3375, 510
0, -3251, 511
0, -3127, 511
0, -3003, 512
0, -2878, 509
0, -2754, 512
0, -2630, 511
0, -2499, 510
0, -2375, 511
0, -2251, 512
0, -2126, 511
0, -2000, 512
0, -1876, 510
0, -1752, 511
0, -1628, 511
0, -1500, 511
0, -1375, 511
0, -1251, 511
0, -1127, 512
0, -1003, 510
0, -878, 511
0, -754, 514
0, -630, 508
0, -499, 531
0, -375, 483
0, -251, 448
0, -126, 495
0, 0, 655
0, 124, 748
0, 249, 642
0, 373, 352
0, 502, 128
0, 626, 167
0, 750, 342
0, 875, 478
0, 1001, 510
0, 1125, 547
0, 1249, 589
0, 1374, 601
0, 1502, 596
0, 1626, 599
0, 1751, 609
0, 1875, 612
0, 2001, 622
0, 2125, 652
0, 2250, 692
0, 2374, 708
0, 2502, 688
0, 2626, 663
0, 2751, 663
0, 2875, 685
0, 3001, 692
0, 3125, 667
0, 3250, 623
0, 3374, 606
0, 3502, 603
0, 3626, 578
0, 3751, 529
0, 3875, 458
0, 3998, 422
0, 4123, 423
0, 4247, 465
0, 4371, 507
0, 4502, 554
0, 4626, 623
0, 4751, 667
0, 4875, 654
0, 4998, 583
0, 5123, 548
0, 5247, 543
0, 5371, 514
0, 5497, 456
0, 5621, 395
0, 5745, 364
0, 5870, 360
0, 5996, 382
0, 6120, 429
0, 6244, 459
0, 6369, 418
0, 6494, 336
0, 6618, 271
0, 6743, 250
0, 6867, 269
0, 6990, 284
0, 7115, 287
0, 7239, 285
0, 7363, 297
0, 7489, 356
0, 7613, 431
0, 7737, 479
0, 7862, 483
0, 7987, 469
0, 8112, 460
0, 8236, 456
0, 8360, 440
0, 8484, 427
0, 8609, 440
0, 8733, 458
0, 8857, 470
0, 8982, 462
0, 9106, 447
0, 9230, 431
0, 9354, 407
0, 9479, 408
0, 9603, 447
0, 9727, 516
0, 9851, 578
0, 9976, 602
0, 10100, 601
0, 10224, 607
0, 10349, 618
0, 10473, 602
0, 10598, 531
0, 10722, 462
0, 10846, 445
0, 10971, 472
0, 11095, 508
0, 11219, 530
0, 11344, 546
0, 11468, 546
0, 11593, 526
0, 11717, 504
0, 11841, 484
0, 11966, 474
0, 12090, 475
0, 12214, 489
0, 12338, 519
0, 12464, 532
0, 12588, 514
0, 12713, 475
0, 12837, 446
0, 12960, 431
0, 13085, 432
0, 13209, 441
0, 13333, 455
0, 13464, 472
0, 13588, 487
0, 13713, 501
0, 13837, 520
0, 13960, 539
0, 14085, 546
0, 14209, 534
0, 14333, 510
0, 14464, 494
0, 14588, 502
0, 14713, 518
0, 14837, 527
0, 14960, 526
0, 15085, 516
0, 15209, 507
0, 15333, 504
0, 15464, 496
0, 15588, 486
0, 15713, 481
0, 15837, 487
0, 15961, 503
0, 16085, 518
0, 16209, 518
0, 16333, 502
0, 16465, 480
0, 16589, 461
0, 16714, 450
0, 16838, 451
0, 16961, 463
0, 17086, 480
0, 17210, 490
0, 17334, 489
0, 17465, 482
0, 17589, 476
0, 17714, 471
0, 17838, 459
0, 17961, 443
0, 18086, 439
0, 18210, 454
0, 18334, 483
0, 18465, 506
0, 18589, 513
0, 18714, 500
0, 18838, 485
0, 18961, 467
0, 19086, 470
0, 19210, 491
0, 19334, 514
0, 19465, 535
0, 19589, 546
0, 19714, 552
0, 19838, 550
0, 19961, 543
0, 20086, 534
0, 20210, 525
0, 20334, 510
0, 20465, 495
0, 20589, 489
0, 20714, 493
0, 20838, 503
0, 20961, 518
0, 21086, 544
0, 21210, 571
0, 21334, 589
0, 21459, 602
0, 21584, 610
0, 21708, 623
0, 21833, 631
0, 21956, 627
0, 22081, 616
0, 22205, 599
0, 22329, 582
0, 22453, 569
0, 22579, 555
0, 22703, 539
0, 22828, 525
0, 22954, 518
0, 23078, 517
0, 23202, 516
0, 23327, 510
0, 23451, 506
0, 23577, 508
0, 23701, 515
0, 23825, 526
0, 23949, 541
0, 24073, 561
0, 24197, 547
0, 24321, 541
0, 24446, 532
0, 24571, 528
0, 24696, 530
0, 24820, 535
0, 24946, 543
0, 25070, 545
0, 25194, 541
0, 25318, 538
0, 25443, 524
0, 25568, 516
0, 25693, 503
0, 25817, 486
0, 25941, 474
0, 26066, 469
0, 26190, 469
0, 26314, 473
0, 26438, 481
0, 26563, 492
0, 26687, 500
0, 26811, 502
0, 26935, 498
0, 27060, 493
0, 27184, 492
0, 27308, 495
0, 27433, 498
0, 27556, 492
0, 27681, 476
0, 27805, 456
0, 27929, 435
0, 28054, 421
0, 28178, 421
0, 28302, 425
0, 28426, 429
0, 28552, 429
0, 28676, 427
0, 28800, 419
0, 28925, 420
0, 29049, 427
0, 29173, 436
0, 29297, 454
0, 29422, 471
0, 29553, 484
0, 29677, 496
0, 29801, 501
0, 29926, 502
0, 30050, 496
0, 30174, 489
0, 30298, 472
0, 30423, 458
0, 30553, 448
0, 30678, 445
0, 30802, 446
0, 30926, 466
0, 31051, 459
0, 31175, 471
0, 31299, 482
0, 31423, 493
0, 31554, 506
0, 31679, 519
0, 31803, 537
0, 31927, 555
0, 32051, 580
0, 32176, 602
0, 32300, 621
0, 32424, 634
0, 32556, 644
0, 32680, 658
0, 32804, 664
0, 32928, 668
0, 33053, 665
0, 33177, 655
0, 33301, 644
0, 33426, 633
0, 33554, 626
1, -3711, 511
1, -3586, 512
1, -3458, 512
1, -3334, 511
1, -3210, 530
1, -3085, 511
1, -2961, 513
1, -2837, 511
1, -2713, 513
1, -2588, 513
1, -2458, 512
1, -2334, 512
1, -2209, 512
1, -2083, 514
1, -1959, 511
1, -1835, 512
1, -1711, 513
1, -1586, 512
1, -1458, 511
1, -1334, 508
1, -1210, 512
1, -1085, 512
1, -961, 512
1, -837, 512
1, -713, 511
1, -588, 512
1, -458, 513
1, -334, 506
1, -209, 514
1, -83, 512
1, 42, 520
1, 166, 512
1, 290, 511
1, 414, 516
1, 543, 508
1, 668, 513
1, 792, 509
1, 918, 511
1, 1042, 520
1, 1167, 499
1, 1291, 508
1, 1415, 525
1, 1543, 524
1, 1668, 491
1, 1792, 441
1, 1918, 540
1, 2042, 606
1, 2167, 568
1, 2291, 431
1, 2415, 359
1, 2543, 475
1, 2668, 597
1, 2792, 637
1, 2918, 587
1, 3042, 533
1, 3167, 488
1, 3291, 446
1, 3415, 416
1, 3543, 411
1, 3668, 466
1, 3792, 546
1, 3916, 601
1, 4040, 594
1, 4164, 544
1, 4288, 496
1, 4413, 479
1, 4543, 511
1, 4668, 580
1, 4792, 619
1, 4916, 576
1, 5040, 504
1, 5164, 464
1, 5288, 460
1, 5413, 477
1, 5538, 499
1, 5662, 515
1, 5787, 507
1, 5913, 475
1, 6037, 460
1, 6161, 468
1, 6286, 475
1, 6410, 454
1, 6535, 403
1, 6660, 364
1, 6784, 409
1, 6908, 516
1, 7032, 585
1, 7156, 611
1, 7280, 614
1, 7405, 638
1, 7530, 681
1, 7654, 662
1, 7779, 572
1, 7903, 465
1, 8029, 424
1, 8153, 457
1, 8277, 502
1, 8402, 541
1, 8526, 580
1, 8650, 609
1, 8774, 616
1, 8899, 599
1, 9023, 576
1, 9147, 559
1, 9272, 544
1, 9396, 521
1, 9520, 501
1, 9644, 514
1, 9769, 558
1, 9893, 589
1, 10017, 579
1, 10141, 562
1, 10266, 548
1, 10390, 516
1, 10515, 437
1, 10639, 360
1, 10763, 317
1, 10888, 328
1, 11012, 336
1, 11136, 330
1, 11261, 324
1, 11385, 340
1, 11510, 390
1, 11634, 447
1, 11758, 474
1, 11883, 472
1, 12007, 465
1, 12131, 479
1, 12256, 502
1, 12380, 509
1, 12505, 497
1, 12630, 487
1, 12754, 492
1, 12878, 503
1, 13002, 496
1, 13126, 468
1, 13250, 437
1, 13375, 421
1, 13505, 424
1, 13630, 451
1, 13754, 489
1, 13878, 522
1, 14002, 540
1, 14126, 537
1, 14250, 523
1, 14375, 515
1, 14506, 528
1, 14630, 553
1, 14754, 575
1, 14878, 580
1, 15002, 558
1, 15126, 523
1, 15250, 491
1, 15375, 478
1, 15506, 488
1, 15630, 505
1, 15754, 514
1, 15878, 520
1, 16002, 520
1, 16126, 519
1, 16251, 517
1, 16375, 513
1, 16506, 507
1, 16631, 510
1, 16755, 527
1, 16879, 562
1, 17003, 605
1, 17127, 644
1, 17251, 674
1, 17376, 688
1, 17506, 685
1, 17631, 672
1, 17755, 654
1, 17879, 632
1, 18003, 613
1, 18127, 598
1, 18251, 584
1, 18376, 566
1, 18507, 552
1, 18631, 554
1, 18755, 569
1, 18879, 592
1, 19003, 606
1, 19127, 607
1, 19251, 603
1, 19376, 603
1, 19507, 605
1, 19631, 598
1, 19755, 585
1, 19879, 580
1, 20003, 590
1, 20127, 604
1, 20251, 610
1, 20376, 608
1, 20507, 594
1, 20631, 579
1, 20755, 557
1, 20879, 532
1, 21003, 511
1, 21127, 501
1, 21251, 492
1, 21376, 480
1, 21501, 457
1, 21625, 441
1, 21750, 436
1, 21874, 435
1, 21998, 427
1, 22122, 411
1, 22246, 396
1, 22371, 388
1, 22496, 387
1, 22620, 392
1, 22745, 400
1, 22869, 408
1, 22995, 413
1, 23120, 411
1, 23244, 407
1, 23368, 402
1, 23494, 405
1, 23618, 419
1, 23742, 438
1, 23867, 463
1, 23990, 479
1, 24114, 484
1, 24239, 478
1, 24363, 477
1, 24489, 483
1, 24613, 491
1, 24737, 502
1, 24861, 514
1, 24987, 531
1, 25111, 552
1, 25236, 565
1, 25360, 565
1, 25485, 558
1, 25610, 551
1, 25734, 540
1, 25858, 524
1, 25983, 507
1, 26107, 501
1, 26231, 507
1, 26356, 518
1, 26480, 528
1, 26604, 529
1, 26728, 524
1, 26853, 511
1, 26977, 500
1, 27101, 495
1, 27225, 493
1, 27350, 490
1, 27474, 487
1, 27598, 485
1, 27722, 484
1, 27846, 487
1, 27971, 494
1, 28095, 514
1, 28219, 496
1, 28344, 495
1, 28469, 493
1, 28593, 496
1, 28718, 501
1, 28842, 510
1, 28966, 520
1, 29090, 529
1, 29215, 533
1, 29339, 532
1, 29470, 528
1, 29594, 526
1, 29718, 520
1, 29843, 511
1, 29967, 507
1, 30091, 506
1, 30216, 504
1, 30340, 499
1, 30471, 493
1, 30595, 493
1, 30719, 501
1, 30843, 512
1, 30968, 525
1, 31092, 538
1, 31216, 549
1, 31341, 558
1, 31471, 568
1, 31596, 574
1, 31720, 576
1, 31844, 577
1, 31968, 572
1, 32093, 567
1, 32217, 562
1, 32341, 560
1, 32473, 559
1, 32597, 553
1, 32721, 552
1, 32846, 547
1, 32970, 540
1, 33094, 535
1, 33218, 531
1, 33343, 528
1, 33471, 526
1, 33595, 524
2, -3669, 510
2, -3541, 511
2, -3417, 511
2, -3293, 511
2, -3168, 511
2, -3044, 511
2, -2920, 511
2, -2796, 511
2, -2671, 512
2, -2541, 511
2, -2416, 511
2, -2292, 509
2, -2168, 510
2, -2042, 510
2, -1918, 512
2, -1793, 511
2, -1669, 512
2, -1541, 512
2, -1417, 510
2, -1293, 511
2, -1168, 511
2, -1044, 511
2, -920, 511
2, -796, 510
2, -671, 512
2, -541, 510
2, -416, 511
2, -292, 507
2, -168, 513
2, -42, 507
2, 83, 524
2, 207, 495
2, 332, 499
2, 460, 532
2, 585, 556
2, 709, 492
2, 833, 399
2, 959, 486
2, 1084, 605
2, 1208, 658
2, 1332, 557
2, 1460, 459
2, 1585, 449
2, 1709, 442
2, 1833, 429
2, 1960, 396
2, 2084, 396
2, 2208, 507
2, 2332, 607
2, 2461, 651
2, 2585, 628
2, 2709, 554
2, 2833, 542
2, 2960, 570
2, 3084, 593
2, 3208, 583
2, 3332, 545
2, 3461, 586
2, 3585, 607
2, 3709, 511
2, 3833, 398
2, 3957, 371
2, 4081, 458
2, 4206, 518
2, 4330, 499
2, 4461, 473
2, 4585, 436
2, 4709, 407
2, 4833, 379
2, 4957, 373
2, 5081, 428
2, 5206, 504
2, 5330, 549
2, 5454, 515
2, 5580, 458
2, 5704, 443
2, 5828, 470
2, 5954, 484
2, 6079, 434
2, 6203, 387
2, 6327, 413
2, 6451, 469
2, 6577, 470
2, 6701, 424
2, 6825, 422
2, 6949, 478
2, 7073, 518
2, 7197, 509
2, 7322, 486
2, 7446, 478
2, 7572, 485
2, 7696, 488
2, 7820, 490
2, 7946, 505
2, 8070, 518
2, 8194, 535
2, 8319, 564
2, 8443, 607
2, 8567, 629
2, 8692, 629
2, 8816, 619
2, 8940, 607
2, 9064, 594
2, 9189, 584
2, 9313, 631
2, 9437, 642
2, 9561, 635
2, 9686, 630
2, 9810, 624
2, 9934, 609
2, 10059, 583
2, 10183, 566
2, 10307, 553
2, 10431, 528
2, 10556, 514
2, 10681, 524
2, 10805, 547
2, 10929, 563
2, 11054, 569
2, 11178, 594
2, 11302, 638
2, 11426, 674
2, 11551, 680
2, 11675, 659
2, 11800, 627
2, 11924, 589
2, 12048, 557
2, 12173, 540
2, 12297, 535
2, 12421, 550
2, 12547, 581
2, 12671, 614
2, 12795, 638
2, 12919, 645
2, 13043, 652
2, 13167, 660
2, 13292, 653
2, 13416, 613
2, 13547, 543
2, 13671, 479
2, 13795, 423
2, 13919, 385
2, 14043, 379
2, 14168, 401
2, 14292, 427
2, 14416, 439
2, 14547, 445
2, 14671, 463
2, 14796, 482
2, 14919, 486
2, 15043, 478
2, 15168, 479
2, 15292, 496
2, 15416, 499
2, 15547, 478
2, 15671, 464
2, 15796, 489
2, 15919, 508
2, 16043, 533
2, 16168, 555
2, 16292, 583
2, 16416, 609
2, 16548, 617
2, 16672, 607
2, 16796, 588
2, 16920, 556
2, 17044, 519
2, 17169, 486
2, 17293, 478
2, 17417, 493
2, 17548, 515
2, 17672, 532
2, 17796, 542
2, 17920, 522
2, 18044, 511
2, 18169, 501
2, 18293, 502
2, 18417, 498
2, 18548, 500
2, 18672, 507
2, 18797, 508
2, 18920, 490
2, 19044, 457
2, 19169, 429
2, 19293, 418
2, 19417, 424
2, 19548, 442
2, 19672, 454
2, 19797, 440
2, 19920, 442
2, 20044, 418
2, 20169, 397
2, 20293, 375
2, 20417, 359
2, 20548, 356
2, 20672, 370
2, 20797, 390
2, 20920, 405
2, 21044, 406
2, 21169, 399
2, 21293, 395
2, 21417, 397
2, 21543, 423
2, 21667, 456
2, 21791, 488
2, 21915, 509
2, 22039, 521
2, 22163, 528
2, 22288, 536
2, 22412, 544
2, 22538, 559
2, 22662, 569
2, 22786, 572
2, 22912, 568
2, 23037, 560
2, 23161, 556
2, 23285, 547
2, 23410, 534
2, 23535, 522
2, 23659, 517
2, 23784, 521
2, 23908, 520
2, 24031, 514
2, 24156, 512
2, 24280, 508
2, 24404, 503
2, 24530, 495
2, 24654, 488
2, 24779, 484
2, 24903, 481
2, 25028, 470
2, 25153, 463
2, 25277, 460
2, 25401, 461
2, 25527, 461
2, 25651, 456
2, 25775, 444
2, 25900, 433
2, 26024, 443
2, 26148, 424
2, 26273, 432
2, 26397, 441
2, 26521, 455
2, 26645, 470
2, 26770, 474
2, 26894, 486
2, 27018, 487
2, 27143, 481
2, 27267, 465
2, 27391, 456
2, 27515, 448
2, 27639, 445
2, 27764, 439
2, 27888, 434
2, 28012, 435
2, 28136, 441
2, 28261, 453
2, 28385, 465
2, 28510, 478
2, 28635, 495
2, 28759, 509
2, 28883, 518
2, 29007, 518
2, 29132, 513
2, 29256, 509
2, 29380, 504
2, 29511, 504
2, 29635, 504
2, 29760, 505
2, 29884, 505
2, 30008, 502
2, 30133, 500
2, 30257, 503
2, 30381, 505
2, 30512, 504
2, 30636, 498
2, 30761, 492
2, 30885, 489
2, 31009, 491
2, 31133, 492
2, 31258, 493
2, 31382, 496
2, 31513, 505
2, 31637, 515
2, 31761, 526
2, 31886, 535
2, 32010, 541
2, 32134, 548
2, 32258, 556
2, 32383, 566
2, 32514, 577
2, 32638, 588
2, 32763, 598
2, 32887, 605
2, 33011, 603
2, 33136, 596
2, 33260, 590
2, 33384, 584
2, 33512, 578
2, 33637, 574
