# UUID: f77921a5-0fa4-4bfb-8943-37b655d2234e
# Label: p
0, -3754, 486
0, -3629, 486
0, -3503, 486
0, -3379, 486
0, -3254, 486
0, -3126, 486
0, -3002, 486
0, -2877, 485
0, -2753, 485
0, -2628, 486
0, -2505, 486
0, -2381, 487
0, -2256, 486
0, -2125, 486
0, -2001, 486
0, -1877, 486
0, -1752, 485
0, -1628, 486
0, -1504, 486
0, -1380, 487
0, -1255, 487
0, -1125, 485
0, -1000, 486
0, -876, 486
0, -752, 485
0, -627, 490
0, -501, 475
0, -377, 407
0, -252, 451
0, -124, 575
0, 0, 737
0, 125, 729
0, 250, 617
0, 374, 493
0, 498, 478
0, 623, 556
0, 747, 569
0, 875, 471
0, 1000, 374
0, 1124, 374
0, 1249, 412
0, 1373, 429
0, 1497, 431
0, 1622, 440
0, 1746, 454
0, 1877, 465
0, 2002, 467
0, 2126, 465
0, 2251, 457
0, 2375, 443
0, 2499, 414
0, 2623, 379
0, 2748, 359
0, 2876, 359
0, 3001, 365
0, 3125, 378
0, 3250, 385
0, 3374, 388
0, 3498, 395
0, 3622, 413
0, 3747, 428
0, 3878, 423
0, 4002, 406
0, 4127, 392
0, 4251, 390
0, 4376, 402
0, 4502, 419
0, 4627, 414
0, 4751, 391
0, 4877, 380
0, 5002, 395
0, 5126, 431
0, 5251, 461
0, 5375, 478
0, 5499, 479
0, 5624, 472
0, 5748, 465
0, 5876, 451
0, 6001, 457
0, 6125, 476
0, 6250, 498
0, 6374, 505
0, 6498, 499
0, 6623, 496
0, 6747, 502
0, 6878, 514
0, 7003, 522
0, 7127, 527
0, 7252, 514
0, 7376, 474
0, 7500, 440
0, 7624, 450
0, 7749, 486
0, 7877, 514
0, 8001, 525
0, 8126, 528
0, 8250, 521
0, 8375, 502
0, 8499, 488
0, 8623, 486
0, 8748, 492
0, 8879, 491
0, 9003, 483
0, 9128, 485
0, 9252, 489
0, 9377, 488
0, 9503, 477
0, 9627, 473
0, 9752, 481
0, 9880, 501
0, 10005, 519
0, 10129, 533
0, 10254, 532
0, 10378, 520
0, 10503, 517
0, 10627, 526
0, 10752, 528
0, 10880, 502
0, 11005, 472
0, 11129, 466
0, 11254, 487
0, 11378, 506
0, 11503, 509
0, 11627, 499
0, 11752, 490
0, 11880, 479
0, 12005, 472
0, 12129, 470
0, 12254, 469
0, 12378, 470
0, 12503, 478
0, 12627, 489
0, 12752, 495
0, 12880, 493
0, 13005, 496
0, 13129, 509
0, 13254, 526
0, 13378, 539
0, 13503, 536
0, 13627, 522
0, 13752, 503
0, 13880, 489
0, 14005, 485
0, 14129, 483
0, 14254, 480
0, 14378, 476
0, 14503, 472
0, 14627, 468
0, 14752, 467
0, 14880, 470
0, 15005, 474
0, 15129, 470
0, 15254, 462
0, 15378, 456
0, 15503, 462
0, 15627, 471
0, 15752, 481
0, 15880, 485
0, 16005, 484
0, 16129, 484
0, 16254, 486
0, 16378, 490
0, 16503, 497
0, 16627, 506
0, 16752, 517
0, 16880, 525
0, 17005, 525
0, 17129, 514
0, 17254, 497
0, 17378, 481
0, 17503, 475
0, 17627, 478
0, 17752, 486
0, 17883, 488
0, 18007, 487
0, 18132, 490
0, 18256, 497
0, 18381, 504
0, 18505, 507
0, 18630, 511
0, 18754, 514
0, 18883, 509
0, 19007, 503
0, 19132, 502
0, 19256, 502
0, 19381, 500
0, 19505, 492
0, 19630, 476
0, 19754, 466
0, 19882, 467
0, 20007, 481
0, 20131, 499
0, 20256, 514
0, 20380, 522
0, 20505, 511
0, 20629, 507
0, 20754, 501
0, 20883, 500
0, 21007, 504
0, 21132, 503
0, 21256, 500
0, 21381, 494
0, 21505, 488
0, 21630, 480
0, 21754, 475
0, 21883, 476
0, 22007, 482
0, 22132, 489
0, 22256, 494
0, 22381, 495
0, 22505, 496
0, 22630, 496
0, 22754, 499
0, 22883, 503
0, 23007, 506
0, 23132, 510
0, 23256, 513
0, 23381, 513
0, 23505, 510
0, 23630, 506
0, 23754, 504
0, 23885, 502
0, 24010, 494
0, 24134, 490
0, 24259, 487
0, 24383, 488
0, 24508, 486
0, 24632, 485
0, 24757, 485
0, 24885, 486
0, 25009, 485
0, 25134, 484
0, 25258, 481
0, 25383, 480
0, 25507, 484
0, 25632, 491
0, 25756, 496
0, 25885, 495
0, 26009, 491
0, 26134, 488
0, 26258, 487
0, 26383, 488
0, 26507, 487
0, 26632, 487
0, 26756, 485
0, 26885, 480
0, 27009, 475
0, 27134, 473
0, 27258, 471
0, 27383, 473
0, 27507, 477
0, 27632, 484
0, 27756, 489
0, 27885, 489
0, 28009, 490
0, 28134, 489
0, 28258, 486
0, 28383, 482
0, 28507, 476
0, 28632, 471
0, 28756, 464
0, 28884, 463
0, 29009, 465
0, 29133, 470
0, 29258, 475
0, 29382, 476
0, 29507, 477
0, 29632, 477
0, 29756, 478
0, 29887, 478
0, 30012, 477
0, 30136, 476
0, 30261, 473
0, 30385, 471
0, 30510, 472
0, 30634, 474
0, 30759, 476
0, 30887, 478
0, 31011, 481
0, 31136, 485
0, 31260, 488
0, 31385, 492
0, 31509, 496
0, 31634, 498
0, 31758, 499
0, 31887, 501
0, 32011, 503
0, 32136, 504
0, 32260, 506
0, 32385, 508
0, 32509, 511
0, 32634, 515
0, 32758, 511
0, 32886, 507
0, 33011, 503
0, 33135, 498
0, 33260, 494
0, 33384, 492
0, 33509, 491
0, 33634, 493
1, -3712, 488
1, -3588, 488
1, -3461, 488
1, -3337, 490
1, -3209, 488
1, -3085, 488
1, -2960, 490
1, -2836, 489
1, -2711, 488
1, -2587, 489
1, -2463, 489
1, -2339, 489
1, -2208, 489
1, -2084, 489
1, -1959, 489
1, -1835, 490
1, -1711, 489
1, -1586, 489
1, -1463, 490
1, -1338, 488
1, -1208, 482
1, -1083, 489
1, -959, 488
1, -834, 489
1, -710, 489
1, -586, 490
1, -459, 489
1, -335, 490
1, -207, 487
1, -83, 488
1, 42, 488
1, 167, 489
1, 291, 488
1, 416, 489
1, 540, 488
1, 664, 488
1, 792, 487
1, 917, 493
1, 1041, 488
1, 1166, 493
1, 1290, 486
1, 1415, 486
1, 1539, 499
1, 1663, 486
1, 1794, 477
1, 1919, 497
1, 2043, 509
1, 2168, 501
1, 2292, 471
1, 2417, 466
1, 2540, 478
1, 2665, 500
1, 2793, 507
1, 2918, 500
1, 3042, 499
1, 3167, 492
1, 3291, 474
1, 3416, 464
1, 3539, 475
1, 3664, 494
1, 3795, 493
1, 3919, 476
1, 4044, 466
1, 4168, 491
1, 4293, 532
1, 4417, 552
1, 4544, 544
1, 4668, 530
1, 4794, 521
1, 4919, 514
1, 5043, 497
1, 5168, 479
1, 5292, 470
1, 5417, 470
1, 5541, 460
1, 5665, 436
1, 5793, 413
1, 5918, 413
1, 6042, 432
1, 6167, 456
1, 6291, 473
1, 6416, 479
1, 6540, 474
1, 6664, 473
1, 6795, 474
1, 6920, 511
1, 7044, 528
1, 7169, 528
1, 7293, 511
1, 7418, 499
1, 7541, 511
1, 7666, 534
1, 7794, 536
1, 7919, 512
1, 8043, 489
1, 8168, 483
1, 8292, 485
1, 8417, 487
1, 8540, 497
1, 8665, 498
1, 8796, 498
1, 8920, 475
1, 9045, 485
1, 9169, 503
1, 9294, 514
1, 9418, 519
1, 9544, 505
1, 9669, 486
1, 9797, 464
1, 9922, 460
1, 10046, 461
1, 10171, 468
1, 10295, 464
1, 10420, 442
1, 10544, 428
1, 10669, 435
1, 10797, 446
1, 10922, 426
1, 11046, 418
1, 11171, 420
1, 11295, 437
1, 11420, 451
1, 11544, 456
1, 11669, 466
1, 11797, 494
1, 11922, 511
1, 12046, 514
1, 12171, 513
1, 12295, 519
1, 12420, 531
1, 12544, 537
1, 12669, 530
1, 12797, 510
1, 12922, 499
1, 13046, 494
1, 13171, 491
1, 13295, 486
1, 13420, 480
1, 13544, 476
1, 13669, 478
1, 13797, 490
1, 13922, 502
1, 14046, 508
1, 14171, 502
1, 14295, 503
1, 14420, 510
1, 14544, 519
1, 14669, 527
1, 14797, 537
1, 14922, 549
1, 15046, 553
1, 15171, 560
1, 15295, 560
1, 15420, 559
1, 15544, 553
1, 15669, 549
1, 15797, 545
1, 15922, 549
1, 16046, 554
1, 16171, 557
1, 16295, 555
1, 16420, 553
1, 16544, 549
1, 16669, 542
1, 16797, 531
1, 16922, 518
1, 17046, 510
1, 17171, 502
1, 17295, 496
1, 17420, 495
1, 17544, 495
1, 17669, 490
1, 17800, 483
1, 17924, 472
1, 18049, 472
1, 18173, 459
1, 18298, 460
1, 18422, 460
1, 18547, 463
1, 18671, 461
1, 18800, 457
1, 18924, 459
1, 19049, 449
1, 19173, 448
1, 19298, 451
1, 19422, 454
1, 19547, 457
1, 19671, 460
1, 19799, 462
1, 19924, 465
1, 20048, 467
1, 20173, 467
1, 20297, 470
1, 20422, 475
1, 20546, 479
1, 20671, 476
1, 20800, 466
1, 20924, 458
1, 21049, 460
1, 21173, 469
1, 21298, 481
1, 21422, 489
1, 21547, 490
1, 21671, 490
1, 21800, 487
1, 21924, 488
1, 22049, 486
1, 22173, 487
1, 22298, 482
1, 22422, 482
1, 22547, 480
1, 22671, 479
1, 22800, 478
1, 22924, 480
1, 23049, 478
1, 23173, 477
1, 23298, 476
1, 23422, 472
1, 23547, 468
1, 23671, 466
1, 23802, 468
1, 23927, 474
1, 24051, 485
1, 24176, 483
1, 24300, 486
1, 24425, 483
1, 24549, 483
1, 24674, 487
1, 24802, 490
1, 24926, 494
1, 25051, 488
1, 25175, 487
1, 25300, 491
1, 25424, 499
1, 25549, 512
1, 25673, 523
1, 25802, 525
1, 25926, 513
1, 26051, 503
1, 26175, 495
1, 26300, 492
1, 26424, 487
1, 26549, 490
1, 26673, 491
1, 26802, 485
1, 26926, 495
1, 27051, 499
1, 27175, 500
1, 27300, 503
1, 27424, 504
1, 27549, 501
1, 27673, 494
1, 27802, 489
1, 27926, 487
1, 28051, 486
1, 28175, 486
1, 28300, 483
1, 28424, 481
1, 28549, 478
1, 28673, 478
1, 28801, 480
1, 28926, 481
1, 29051, 479
1, 29175, 482
1, 29300, 486
1, 29424, 488
1, 29549, 487
1, 29673, 490
1, 29804, 492
1, 29929, 496
1, 30053, 496
1, 30178, 502
1, 30302, 505
1, 30427, 504
1, 30551, 502
1, 30676, 503
1, 30804, 504
1, 30928, 501
1, 31053, 498
1, 31177, 499
1, 31302, 501
1, 31426, 501
1, 31551, 503
1, 31675, 511
1, 31804, 519
1, 31928, 510
1, 32053, 507
1, 32177, 500
1, 32302, 493
1, 32426, 487
1, 32551, 484
1, 32675, 484
1, 32803, 484
1, 32928, 485
1, 33052, 487
1, 33177, 489
1, 33301, 491
1, 33426, 498
1, 33551, 506
1, 33675, 510
2, -3671, 488
2, -3546, 488
2, -3420, 487
2, -3296, 488
2, -3167, 488
2, -3043, 488
2, -2919, 487
2, -2794, 488
2, -2670, 488
2, -2546, 489
2, -2422, 488
2, -2298, 489
2, -2167, 488
2, -2042, 489
2, -1918, 489
2, -1794, 488
2, -1669, 489
2, -1545, 488
2, -1421, 489
2, -1297, 489
2, -1166, 488
2, -1042, 487
2, -917, 488
2, -793, 487
2, -669, 488
2, -544, 488
2, -418, 488
2, -294, 489
2, -165, 488
2, -41, 488
2, 84, 489
2, 208, 488
2, 333, 488
2, 457, 489
2, 581, 486
2, 706, 493
2, 834, 486
2, 958, 487
2, 1083, 497
2, 1207, 491
2, 1332, 470
2, 1456, 485
2, 1580, 507
2, 1705, 515
2, 1836, 483
2, 1960, 471
2, 2085, 445
2, 2209, 440
2, 2334, 501
2, 2458, 569
2, 2582, 572
2, 2706, 508
2, 2835, 464
2, 2959, 440
2, 3084, 436
2, 3208, 451
2, 3333, 479
2, 3457, 501
2, 3581, 496
2, 3705, 482
2, 3836, 466
2, 3961, 461
2, 4085, 454
2, 4210, 468
2, 4334, 519
2, 4459, 564
2, 4585, 562
2, 4710, 541
2, 4836, 537
2, 4960, 537
2, 5085, 524
2, 5209, 502
2, 5334, 489
2, 5458, 480
2, 5582, 469
2, 5707, 463
2, 5835, 465
2, 5959, 474
2, 6084, 476
2, 6208, 470
2, 6333, 464
2, 6457, 450
2, 6581, 438
2, 6706, 451
2, 6837, 473
2, 6961, 486
2, 7086, 478
2, 7210, 481
2, 7335, 493
2, 7459, 488
2, 7583, 473
2, 7707, 469
2, 7836, 484
2, 7960, 498
2, 8085, 505
2, 8209, 506
2, 8334, 506
2, 8458, 495
2, 8582, 485
2, 8706, 486
2, 8837, 494
2, 8962, 492
2, 9086, 485
2, 9211, 479
2, 9335, 474
2, 9460, 471
2, 9586, 469
2, 9710, 458
2, 9839, 441
2, 9963, 436
2, 10088, 445
2, 10212, 459
2, 10337, 468
2, 10461, 474
2, 10586, 481
2, 10710, 482
2, 10839, 478
2, 10963, 470
2, 11088, 468
2, 11212, 472
2, 11337, 485
2, 11461, 500
2, 11586, 503
2, 11710, 499
2, 11839, 501
2, 11963, 512
2, 12088, 527
2, 12212, 539
2, 12337, 544
2, 12461, 541
2, 12586, 531
2, 12710, 514
2, 12839, 496
2, 12963, 485
2, 13088, 482
2, 13212, 486
2, 13337, 492
2, 13461, 499
2, 13586, 512
2, 13710, 524
2, 13839, 529
2, 13963, 513
2, 14088, 491
2, 14212, 479
2, 14337, 485
2, 14461, 495
2, 14586, 503
2, 14710, 509
2, 14839, 510
2, 14963, 515
2, 15088, 526
2, 15212, 543
2, 15337, 556
2, 15461, 559
2, 15586, 553
2, 15710, 550
2, 15839, 549
2, 15963, 546
2, 16088, 537
2, 16212, 528
2, 16337, 523
2, 16461, 520
2, 16586, 514
2, 16710, 514
2, 16839, 514
2, 16963, 513
2, 17088, 506
2, 17212, 499
2, 17337, 491
2, 17461, 491
2, 17586, 495
2, 17710, 499
2, 17841, 497
2, 17966, 490
2, 18090, 486
2, 18215, 485
2, 18339, 484
2, 18464, 480
2, 18588, 470
2, 18713, 463
2, 18841, 462
2, 18966, 461
2, 19090, 459
2, 19215, 453
2, 19339, 453
2, 19464, 460
2, 19588, 473
2, 19713, 485
2, 19841, 495
2, 19965, 502
2, 20090, 506
2, 20214, 504
2, 20339, 496
2, 20463, 485
2, 20588, 475
2, 20712, 471
2, 20841, 475
2, 20966, 482
2, 21090, 487
2, 21215, 488
2, 21339, 484
2, 21464, 479
2, 21588, 481
2, 21713, 485
2, 21841, 490
2, 21966, 491
2, 22090, 490
2, 22215, 491
2, 22339, 489
2, 22464, 484
2, 22588, 475
2, 22713, 469
2, 22841, 463
2, 22966, 457
2, 23090, 454
2, 23215, 459
2, 23339, 466
2, 23464, 473
2, 23588, 471
2, 23713, 463
2, 23844, 460
2, 23968, 458
2, 24093, 457
2, 24217, 458
2, 24342, 460
2, 24466, 462
2, 24591, 464
2, 24715, 467
2, 24843, 466
2, 24968, 465
2, 25092, 466
2, 25217, 470
2, 25341, 477
2, 25466, 484
2, 25590, 491
2, 25715, 493
2, 25843, 493
2, 25968, 491
2, 26092, 485
2, 26217, 480
2, 26341, 476
2, 26466, 475
2, 26590, 480
2, 26715, 483
2, 26843, 485
2, 26968, 488
2, 27092, 493
2, 27217, 499
2, 27341, 504
2, 27466, 508
2, 27590, 511
2, 27715, 515
2, 27843, 519
2, 27968, 519
2, 28092, 516
2, 28217, 510
2, 28341, 504
2, 28466, 498
2, 28590, 495
2, 28715, 494
2, 28843, 495
2, 28968, 497
2, 29092, 497
2, 29217, 493
2, 29341, 489
2, 29466, 486
2, 29590, 488
2, 29715, 491
2, 29846, 493
2, 29970, 493
2, 30095, 491
2, 30219, 488
2, 30344, 486
2, 30468, 483
2, 30593, 482
2, 30717, 481
2, 30845, 478
2, 30970, 478
2, 31094, 476
2, 31219, 477
2, 31343, 477
2, 31468, 478
2, 31592, 480
2, 31717, 482
2, 31845, 485
2, 31970, 485
2, 32094, 486
2, 32219, 487
2, 32343, 486
2, 32468, 485
2, 32592, 482
2, 32717, 479
2, 32845, 477
2, 32969, 479
2, 33094, 484
2, 33218, 487
2, 33343, 490
2, 33467, 494
2, 33592, 496
2, 33717, 493
