# UUID: e3dc65b3-d2b4-49c9-b640-ff0c651dc3af
# Label: p
0, -3794, 511
0, -3669, 493
0, -3539, 498
0, -3415, 499
0, -3290, 481
0, -3166, 494
0, -3042, 497
0, -2918, 502
0, -2793, 500
0, -2669, 509
0, -2539, 507
0, -2414, 501
0, -2290, 493
0, -2166, 506
0, -2042, 497
0, -1917, 501
0, -1793, 502
0, -1669, 511
0, -1538, 513
0, -1414, 501
0, -1290, 497
0, -1166, 510
0, -1041, 502
0, -917, 496
0, -793, 504
0, -669, 513
0, -538, 492
0, -414, 524
0, -290, 482
0, -165, 502
0, -41, 541
0, 84, 559
0, 208, 478
0, 332, 362
0, 463, 388
0, 587, 495
0, 712, 697
0, 836, 783
0, 960, 689
0, 1084, 474
0, 1209, 367
0, 1333, 407
0, 1464, 451
0, 1588, 426
0, 1712, 460
0, 1837, 500
0, 1961, 514
0, 2085, 491
0, 2209, 429
0, 2334, 360
0, 2464, 314
0, 2589, 338
0, 2713, 366
0, 2837, 402
0, 2962, 463
0, 3086, 524
0, 3210, 518
0, 3334, 525
0, 3465, 564
0, 3589, 605
0, 3714, 640
0, 3838, 644
0, 3962, 633
0, 4087, 652
0, 4211, 718
0, 4335, 694
0, 4466, 644
0, 4590, 634
0, 4714, 626
0, 4839, 551
0, 4963, 486
0, 5087, 463
0, 5212, 497
0, 5336, 563
0, 5467, 597
0, 5591, 577
0, 5715, 549
0, 5839, 569
0, 5964, 616
0, 6088, 617
0, 6212, 634
0, 6337, 629
0, 6465, 629
0, 6590, 628
0, 6714, 614
0, 6838, 601
0, 6963, 670
0, 7087, 737
0, 7211, 712
0, 7335, 603
0, 7466, 456
0, 7590, 355
0, 7715, 384
0, 7839, 472
0, 7963, 554
0, 8088, 568
0, 8212, 534
0, 8336, 501
0, 8467, 486
0, 8591, 483
0, 8715, 460
0, 8840, 431
0, 8964, 409
0, 9088, 394
0, 9213, 442
0, 9337, 478
0, 9469, 468
0, 9593, 482
0, 9718, 465
0, 9842, 455
0, 9966, 428
0, 10090, 407
0, 10215, 404
0, 10339, 416
0, 10467, 428
0, 10591, 472
0, 10716, 501
0, 10840, 469
0, 10964, 447
0, 11088, 419
0, 11213, 414
0, 11337, 450
0, 11469, 451
0, 11593, 443
0, 11718, 452
0, 11842, 429
0, 11966, 423
0, 12091, 479
0, 12215, 477
0, 12339, 528
0, 12467, 538
0, 12592, 510
0, 12716, 473
0, 12840, 484
0, 12964, 451
0, 13089, 470
0, 13213, 477
0, 13337, 500
0, 13469, 500
0, 13594, 472
0, 13718, 417
0, 13842, 409
0, 13966, 406
0, 14091, 436
0, 14215, 454
0, 14339, 475
0, 14468, 478
0, 14592, 477
0, 14716, 508
0, 14840, 524
0, 14965, 536
0, 15089, 519
0, 15213, 507
0, 15338, 473
0, 15470, 457
0, 15594, 439
0, 15718, 459
0, 15843, 490
0, 15967, 527
0, 16091, 548
0, 16215, 552
0, 16340, 533
0, 16469, 499
0, 16593, 487
0, 16718, 482
0, 16842, 512
0, 16966, 541
0, 17091, 540
0, 17215, 532
0, 17339, 519
0, 17467, 507
0, 17591, 488
0, 17716, 451
0, 17840, 470
0, 17964, 485
0, 18089, 508
0, 18213, 511
0, 18337, 519
0, 18469, 537
0, 18594, 559
0, 18718, 553
0, 18842, 534
0, 18966, 518
0, 19091, 484
0, 19215, 469
0, 19339, 449
0, 19470, 463
0, 19594, 454
0, 19719, 455
0, 19843, 436
0, 19967, 432
0, 20092, 429
0, 20216, 455
0, 20340, 468
0, 20470, 489
0, 20594, 505
0, 20718, 506
0, 20842, 496
0, 20967, 494
0, 21091, 500
0, 21215, 528
0, 21340, 511
0, 21470, 517
0, 21595, 490
0, 21719, 488
0, 21843, 460
0, 21968, 446
0, 22092, 451
0, 22216, 445
0, 22340, 451
0, 22471, 470
0, 22595, 459
0, 22719, 479
0, 22843, 487
0, 22968, 476
0, 23092, 476
0, 23216, 478
0, 23341, 503
0, 23471, 506
0, 23596, 526
0, 23720, 534
0, 23844, 520
0, 23969, 530
0, 24093, 504
0, 24217, 512
0, 24341, 513
0, 24470, 519
0, 24594, 539
0, 24718, 538
0, 24843, 531
0, 24967, 546
0, 25091, 534
0, 25215, 534
0, 25340, 521
0, 25470, 514
0, 25595, 528
0, 25719, 530
0, 25843, 539
0, 25968, 535
0, 26092, 535
0, 26216, 538
0, 26341, 548
0, 26471, 555
0, 26596, 564
0, 26720, 564
0, 26844, 573
0, 26968, 557
0, 27093, 567
0, 27217, 558
0, 27341, 553
0, 27472, 551
0, 27596, 553
0, 27721, 563
0, 27845, 533
0, 27969, 520
0, 28094, 513
0, 28218, 522
0, 28342, 488
0, 28473, 499
0, 28597, 526
0, 28721, 536
0, 28846, 578
0, 28970, 571
0, 29094, 575
0, 29219, 577
0, 29343, 563
0, 29471, 562
0, 29595, 550
0, 29720, 543
0, 29844, 559
0, 29968, 548
0, 30093, 521
0, 30217, 538
0, 30341, 516
0, 30472, 470
0, 30596, 483
0, 30721, 461
0, 30845, 457
0, 30969, 464
0, 31093, 474
0, 31218, 470
0, 31342, 472
0, 31473, 485
0, 31597, 466
0, 31722, 456
0, 31846, 437
0, 31970, 421
0, 32094, 409
0, 32219, 396
0, 32343, 392
0, 32474, 383
0, 32598, 379
0, 32722, 387
0, 32847, 391
0, 32971, 400
0, 33095, 407
0, 33220, 402
0, 33344, 398
0, 33472, 387
0, 33596, 394
1, -3752, 500
1, -3628, 503
1, -3497, 499
1, -3373, 498
1, -3249, 525
1, -3125, 489
1, -3001, 512
1, -2876, 506
1, -2752, 495
1, -2628, 499
1, -2497, 500
1, -2373, 503
1, -2249, 497
1, -2125, 504
1, -2000, 510
1, -1876, 501
1, -1752, 505
1, -1628, 501
1, -1497, 495
1, -1373, 509
1, -1248, 507
1, -1124, 499
1, -1000, 498
1, -876, 501
1, -752, 501
1, -627, 495
1, -497, 514
1, -372, 502
1, -248, 467
1, -124, 530
1, 0, 622
1, 125, 528
1, 249, 331
1, 374, 239
1, 504, 506
1, 629, 790
1, 753, 885
1, 877, 728
1, 1002, 508
1, 1126, 385
1, 1250, 345
1, 1374, 352
1, 1505, 386
1, 1629, 474
1, 1754, 539
1, 1878, 507
1, 2002, 414
1, 2127, 301
1, 2251, 259
1, 2375, 292
1, 2506, 350
1, 2630, 425
1, 2754, 478
1, 2879, 474
1, 3003, 515
1, 3127, 576
1, 3252, 651
1, 3376, 697
1, 3507, 772
1, 3631, 843
1, 3755, 830
1, 3879, 741
1, 4004, 672
1, 4128, 662
1, 4252, 713
1, 4377, 677
1, 4507, 617
1, 4632, 559
1, 4756, 531
1, 4880, 619
1, 5004, 686
1, 5129, 730
1, 5253, 719
1, 5377, 674
1, 5508, 585
1, 5632, 555
1, 5757, 494
1, 5881, 470
1, 6005, 467
1, 6129, 556
1, 6254, 536
1, 6378, 458
1, 6507, 417
1, 6631, 398
1, 6755, 407
1, 6880, 449
1, 7004, 441
1, 7128, 415
1, 7253, 384
1, 7377, 383
1, 7508, 406
1, 7632, 439
1, 7756, 455
1, 7880, 470
1, 8005, 486
1, 8129, 504
1, 8253, 495
1, 8378, 481
1, 8508, 482
1, 8633, 538
1, 8757, 590
1, 8881, 546
1, 9005, 464
1, 9130, 406
1, 9254, 380
1, 9378, 416
1, 9510, 449
1, 9635, 453
1, 9759, 449
1, 9883, 442
1, 10008, 404
1, 10132, 363
1, 10256, 350
1, 10380, 432
1, 10508, 498
1, 10633, 529
1, 10757, 537
1, 10881, 457
1, 11006, 452
1, 11130, 443
1, 11254, 455
1, 11378, 450
1, 11511, 492
1, 11635, 538
1, 11759, 577
1, 11883, 587
1, 12008, 588
1, 12132, 528
1, 12256, 539
1, 12381, 497
1, 12509, 486
1, 12633, 475
1, 12757, 488
1, 12882, 452
1, 13006, 486
1, 13130, 480
1, 13254, 488
1, 13379, 462
1, 13511, 437
1, 13635, 426
1, 13759, 414
1, 13884, 401
1, 14008, 443
1, 14132, 485
1, 14256, 487
1, 14381, 457
1, 14509, 448
1, 14633, 450
1, 14758, 472
1, 14882, 488
1, 15006, 496
1, 15130, 520
1, 15255, 514
1, 15379, 494
1, 15511, 484
1, 15635, 481
1, 15760, 500
1, 15884, 528
1, 16008, 576
1, 16133, 612
1, 16257, 600
1, 16381, 596
1, 16510, 574
1, 16635, 572
1, 16759, 572
1, 16883, 592
1, 17008, 577
1, 17132, 552
1, 17256, 493
1, 17381, 466
1, 17509, 443
1, 17633, 470
1, 17757, 499
1, 17881, 516
1, 18006, 530
1, 18130, 513
1, 18254, 499
1, 18379, 496
1, 18511, 474
1, 18635, 461
1, 18759, 479
1, 18884, 485
1, 19008, 474
1, 19132, 465
1, 19256, 462
1, 19381, 457
1, 19512, 477
1, 19636, 495
1, 19760, 482
1, 19884, 471
1, 20009, 486
1, 20133, 502
1, 20257, 479
1, 20382, 509
1, 20511, 540
1, 20635, 543
1, 20760, 541
1, 20884, 516
1, 21008, 507
1, 21132, 498
1, 21257, 488
1, 21381, 511
1, 21512, 516
1, 21636, 513
1, 21760, 492
1, 21885, 501
1, 22009, 481
1, 22133, 490
1, 22258, 490
1, 22382, 482
1, 22512, 485
1, 22636, 476
1, 22761, 477
1, 22885, 476
1, 23009, 493
1, 23133, 502
1, 23258, 494
1, 23382, 489
1, 23513, 477
1, 23637, 483
1, 23761, 500
1, 23886, 519
1, 24010, 537
1, 24134, 542
1, 24259, 525
1, 24383, 521
1, 24511, 503
1, 24635, 511
1, 24760, 504
1, 24884, 505
1, 25008, 497
1, 25133, 498
1, 25257, 489
1, 25381, 497
1, 25512, 501
1, 25636, 505
1, 25760, 523
1, 25885, 540
1, 26009, 551
1, 26133, 549
1, 26258, 552
1, 26382, 531
1, 26513, 530
1, 26637, 543
1, 26761, 534
1, 26886, 487
1, 27010, 487
1, 27134, 489
1, 27258, 496
1, 27383, 491
1, 27513, 501
1, 27638, 517
1, 27762, 532
1, 27886, 562
1, 28011, 525
1, 28135, 532
1, 28259, 506
1, 28384, 527
1, 28514, 514
1, 28639, 516
1, 28763, 514
1, 28887, 515
1, 29011, 496
1, 29136, 500
1, 29260, 507
1, 29384, 513
1, 29513, 518
1, 29637, 512
1, 29761, 502
1, 29885, 509
1, 30010, 517
1, 30134, 533
1, 30258, 541
1, 30383, 551
1, 30513, 558
1, 30638, 578
1, 30762, 576
1, 30886, 593
1, 31011, 582
1, 31135, 566
1, 31259, 562
1, 31383, 559
1, 31514, 513
1, 31639, 519
1, 31763, 493
1, 31887, 498
1, 32012, 479
1, 32136, 491
1, 32260, 484
1, 32384, 474
1, 32515, 454
1, 32640, 447
1, 32764, 444
1, 32888, 431
1, 33012, 419
1, 33137, 431
1, 33261, 408
1, 33385, 421
1, 33513, 421
1, 33638, 406
2, -3711, 510
2, -3580, 496
2, -3456, 528
2, -3332, 512
2, -3208, 496
2, -3083, 505
2, -2959, 502
2, -2835, 497
2, -2711, 495
2, -2580, 499
2, -2456, 491
2, -2332, 506
2, -2207, 498
2, -2083, 504
2, -1959, 497
2, -1835, 497
2, -1710, 492
2, -1580, 497
2, -1456, 514
2, -1331, 507
2, -1207, 489
2, -1083, 498
2, -959, 510
2, -834, 500
2, -710, 503
2, -579, 506
2, -455, 505
2, -331, 507
2, -207, 495
2, -82, 513
2, 42, 496
2, 167, 490
2, 291, 524
2, 422, 530
2, 546, 480
2, 670, 413
2, 794, 468
2, 919, 615
2, 1043, 659
2, 1167, 568
2, 1292, 437
2, 1422, 341
2, 1546, 409
2, 1671, 497
2, 1795, 492
2, 1919, 452
2, 2044, 491
2, 2168, 611
2, 2292, 691
2, 2423, 611
2, 2547, 514
2, 2672, 426
2, 2796, 427
2, 2920, 386
2, 3044, 376
2, 3169, 408
2, 3293, 439
2, 3424, 497
2, 3548, 524
2, 3672, 594
2, 3797, 550
2, 3921, 458
2, 4045, 432
2, 4169, 424
2, 4294, 462
2, 4424, 468
2, 4549, 496
2, 4673, 484
2, 4797, 523
2, 4922, 564
2, 5046, 609
2, 5170, 660
2, 5294, 632
2, 5425, 585
2, 5549, 523
2, 5674, 503
2, 5798, 521
2, 5922, 538
2, 6047, 545
2, 6171, 462
2, 6295, 431
2, 6424, 463
2, 6548, 559
2, 6673, 648
2, 6797, 638
2, 6921, 594
2, 7045, 557
2, 7170, 549
2, 7294, 517
2, 7425, 497
2, 7549, 510
2, 7673, 547
2, 7798, 575
2, 7922, 536
2, 8046, 506
2, 8170, 522
2, 8295, 580
2, 8426, 615
2, 8550, 556
2, 8674, 540
2, 8798, 543
2, 8923, 559
2, 9047, 533
2, 9171, 512
2, 9295, 537
2, 9426, 569
2, 9552, 540
2, 9676, 488
2, 9800, 394
2, 9925, 340
2, 10049, 352
2, 10173, 419
2, 10298, 495
2, 10426, 570
2, 10550, 582
2, 10674, 616
2, 10798, 623
2, 10923, 641
2, 11047, 664
2, 11171, 661
2, 11296, 639
2, 11426, 530
2, 11552, 498
2, 11676, 505
2, 11801, 503
2, 11925, 454
2, 12049, 368
2, 12173, 362
2, 12298, 328
2, 12426, 324
2, 12550, 322
2, 12674, 382
2, 12799, 405
2, 12923, 453
2, 13047, 421
2, 13172, 424
2, 13296, 445
2, 13427, 434
2, 13552, 438
2, 13676, 452
2, 13801, 420
2, 13925, 438
2, 14049, 441
2, 14174, 451
2, 14298, 450
2, 14426, 441
2, 14550, 439
2, 14675, 434
2, 14799, 396
2, 14923, 385
2, 15048, 404
2, 15172, 411
2, 15296, 451
2, 15427, 482
2, 15552, 493
2, 15677, 478
2, 15801, 443
2, 15925, 436
2, 16050, 442
2, 16174, 472
2, 16298, 496
2, 16426, 532
2, 16552, 532
2, 16676, 539
2, 16800, 524
2, 16925, 508
2, 17049, 508
2, 17173, 508
2, 17298, 489
2, 17426, 477
2, 17550, 473
2, 17674, 487
2, 17799, 516
2, 17923, 516
2, 18047, 540
2, 18171, 553
2, 18296, 553
2, 18427, 554
2, 18552, 550
2, 18676, 551
2, 18801, 528
2, 18925, 530
2, 19049, 554
2, 19174, 550
2, 19298, 558
2, 19429, 541
2, 19553, 515
2, 19677, 526
2, 19802, 499
2, 19926, 510
2, 20050, 509
2, 20174, 499
2, 20299, 531
2, 20427, 488
2, 20552, 512
2, 20677, 509
2, 20801, 505
2, 20925, 490
2, 21050, 494
2, 21174, 492
2, 21298, 536
2, 21429, 533
2, 21553, 541
2, 21678, 562
2, 21802, 573
2, 21926, 539
2, 22050, 519
2, 22175, 502
2, 22299, 496
2, 22428, 490
2, 22553, 527
2, 22678, 533
2, 22802, 503
2, 22926, 509
2, 23051, 520
2, 23175, 519
2, 23299, 517
2, 23430, 515
2, 23554, 500
2, 23678, 484
2, 23803, 482
2, 23927, 483
2, 24051, 488
2, 24176, 486
2, 24300, 496
2, 24428, 510
2, 24552, 526
2, 24677, 530
2, 24801, 514
2, 24925, 504
2, 25050, 499
2, 25174, 508
2, 25298, 514
2, 25429, 513
2, 25553, 494
2, 25678, 480
2, 25802, 467
2, 25926, 458
2, 26050, 465
2, 26175, 477
2, 26299, 471
2, 26430, 465
2, 26554, 455
2, 26678, 446
2, 26803, 443
2, 26927, 439
2, 27051, 451
2, 27176, 453
2, 27300, 472
2, 27431, 481
2, 27555, 476
2, 27679, 507
2, 27803, 485
2, 27928, 500
2, 28052, 509
2, 28176, 515
2, 28301, 540
2, 28431, 540
2, 28556, 513
2, 28680, 505
2, 28804, 502
2, 28929, 492
2, 29053, 486
2, 29177, 480
2, 29301, 467
2, 29430, 486
2, 29554, 469
2, 29678, 496
2, 29803, 489
2, 29927, 489
2, 30051, 503
2, 30175, 535
2, 30300, 500
2, 30431, 494
2, 30555, 501
2, 30679, 494
2, 30803, 490
2, 30928, 497
2, 31052, 492
2, 31176, 497
2, 31301, 520
2, 31432, 497
2, 31556, 538
2, 31680, 512
2, 31804, 517
2, 31929, 507
2, 32053, 506
2, 32177, 516
2, 32302, 510
2, 32432, 509
2, 32557, 498
2, 32681, 489
2, 32805, 482
2, 32930, 474
2, 33054, 476
2, 33178, 474
2, 33302, 483
2, 33431, 488
2, 33555, 502
2, 33679, 499
