# UUID: 33f811f3-585e-4c32-8ee3-0dd8a4e30ee4
# Label: p
0, -3836, 512
0, -3705, 511
0, -3581, 511
0, -3457, 510
0, -3332, 511
0, -3208, 510
0, -3084, 511
0, -2960, 510
0, -2836, 511
0, -2705, 510
0, -2581, 510
0, -2457, 508
0, -2332, 510
0, -2206, 509
0, -2082, 521
0, -1957, 511
0, -1833, 510
0, -1705, 510
0, -1581, 512
0, -1456, 510
0, -1332, 512
0, -1206, 511
0, -1082, 510
0, -958, 511
0, -833, 511
0, -703, 513
0, -578, 510
0, -454, 511
0, -330, 510
0, -207, 512
0, -82, 512
0, 41, 511
0, 165, 510
0, 296, 510
0, 421, 512
0, 545, 512
0, 669, 509
0, 793, 513
0, 917, 512
0, 1041, 503
0, 1166, 516
0, 1296, 517
0, 1421, 509
0, 1545, 498
0, 1669, 492
0, 1793, 530
0, 1917, 563
0, 2042, 527
0, 2166, 474
0, 2297, 446
0, 2421, 483
0, 2545, 525
0, 2670, 538
0, 2796, 545
0, 2920, 543
0, 3044, 545
0, 3169, 539
0, 3297, 534
0, 3421, 517
0, 3545, 476
0, 3670, 442
0, 3796, 432
0, 3920, 443
0, 4044, 464
0, 4169, 480
0, 4297, 495
0, 4421, 508
0, 4545, 506
0, 4670, 537
0, 4796, 578
0, 4920, 606
0, 5045, 610
0, 5169, 585
0, 5297, 544
0, 5421, 521
0, 5545, 521
0, 5670, 532
0, 5796, 528
0, 5920, 514
0, 6045, 496
0, 6169, 490
0, 6300, 512
0, 6424, 539
0, 6548, 554
0, 6673, 541
0, 6799, 510
0, 6923, 488
0, 7047, 484
0, 7172, 485
0, 7300, 479
0, 7424, 477
0, 7548, 485
0, 7673, 495
0, 7799, 494
0, 7923, 486
0, 8047, 480
0, 8172, 474
0, 8300, 463
0, 8425, 455
0, 8549, 452
0, 8673, 452
0, 8797, 451
0, 8921, 447
0, 9045, 435
0, 9170, 413
0, 9300, 388
0, 9425, 382
0, 9549, 396
0, 9673, 411
0, 9797, 429
0, 9921, 427
0, 10045, 444
0, 10170, 461
0, 10300, 482
0, 10425, 498
0, 10549, 509
0, 10673, 526
0, 10797, 548
0, 10921, 574
0, 11045, 597
0, 11170, 614
0, 11300, 630
0, 11425, 637
0, 11549, 635
0, 11673, 625
0, 11797, 617
0, 11921, 613
0, 12045, 610
0, 12170, 608
0, 12301, 608
0, 12425, 608
0, 12549, 607
0, 12673, 604
0, 12797, 609
0, 12921, 617
0, 13045, 628
0, 13170, 634
0, 13301, 627
0, 13425, 605
0, 13549, 582
0, 13673, 567
0, 13797, 546
0, 13921, 529
0, 14046, 509
0, 14170, 494
0, 14301, 484
0, 14425, 482
0, 14549, 488
0, 14674, 497
0, 14800, 515
0, 14924, 530
0, 15048, 532
0, 15173, 529
0, 15301, 523
0, 15425, 522
0, 15549, 527
0, 15674, 529
0, 15800, 515
0, 15924, 502
0, 16049, 469
0, 16173, 478
0, 16301, 473
0, 16425, 472
0, 16550, 476
0, 16674, 480
0, 16800, 485
0, 16924, 492
0, 17049, 504
0, 17173, 512
0, 17301, 513
0, 17425, 505
0, 17550, 490
0, 17674, 478
0, 17800, 470
0, 17924, 466
0, 18049, 460
0, 18173, 457
0, 18301, 458
0, 18425, 461
0, 18550, 458
0, 18674, 476
0, 18800, 492
0, 18924, 507
0, 19049, 510
0, 19173, 508
0, 19301, 497
0, 19425, 486
0, 19550, 476
0, 19674, 469
0, 19798, 465
0, 19922, 464
0, 20046, 471
0, 20170, 478
0, 20301, 489
0, 20426, 499
0, 20550, 496
0, 20674, 521
0, 20798, 532
0, 20922, 535
0, 21046, 535
0, 21171, 530
0, 21301, 525
0, 21426, 524
0, 21550, 528
0, 21674, 532
0, 21798, 533
0, 21922, 535
0, 22046, 537
0, 22171, 539
0, 22301, 541
0, 22426, 548
0, 22550, 539
0, 22674, 539
0, 22798, 536
0, 22922, 535
0, 23046, 529
0, 23171, 528
0, 23296, 528
0, 23420, 527
0, 23545, 525
0, 23669, 523
0, 23793, 523
0, 23917, 526
0, 24041, 524
0, 24165, 521
0, 24291, 515
0, 24415, 508
0, 24539, 500
0, 24664, 493
0, 24787, 491
0, 24912, 495
0, 25036, 502
0, 25160, 507
0, 25285, 506
0, 25409, 499
0, 25533, 490
0, 25657, 483
0, 25783, 480
0, 25907, 481
0, 26032, 482
0, 26156, 481
0, 26280, 477
0, 26404, 471
0, 26529, 468
0, 26653, 468
0, 26777, 470
0, 26902, 471
0, 27026, 472
0, 27150, 468
0, 27274, 466
0, 27399, 463
0, 27523, 467
0, 27647, 473
0, 27772, 475
0, 27896, 476
0, 28020, 474
0, 28144, 470
0, 28270, 471
0, 28395, 467
0, 28519, 466
0, 28643, 462
0, 28767, 460
0, 28892, 463
0, 29016, 465
0, 29140, 467
0, 29266, 468
0, 29390, 471
0, 29514, 475
0, 29639, 479
0, 29763, 484
0, 29887, 491
0, 30012, 498
0, 30136, 503
0, 30264, 506
0, 30388, 506
0, 30513, 506
0, 30637, 508
0, 30761, 511
0, 30885, 515
0, 31010, 519
0, 31134, 522
0, 31265, 522
0, 31389, 521
0, 31513, 524
0, 31638, 524
0, 31762, 527
0, 31886, 527
0, 32011, 528
0, 32135, 529
0, 32263, 529
0, 32387, 528
0, 32512, 526
0, 32636, 527
0, 32761, 528
0, 32885, 528
0, 33010, 526
0, 33134, 526
0, 33265, 527
0, 33389, 527
0, 33513, 530
1, -3788, 511
1, -3664, 511
1, -3539, 512
1, -3415, 510
1, -3291, 510
1, -3167, 511
1, -3043, 512
1, -2919, 511
1, -2788, 511
1, -2664, 512
1, -2539, 512
1, -2415, 511
1, -2289, 511
1, -2164, 511
1, -2040, 512
1, -1916, 512
1, -1788, 513
1, -1663, 511
1, -1539, 512
1, -1415, 513
1, -1289, 513
1, -1165, 511
1, -1040, 512
1, -916, 512
1, -786, 511
1, -661, 511
1, -537, 511
1, -413, 511
1, -289, 511
1, -165, 512
1, -41, 512
1, 83, 512
1, 213, 513
1, 338, 513
1, 462, 511
1, 586, 510
1, 710, 510
1, 834, 513
1, 958, 511
1, 1083, 515
1, 1214, 508
1, 1338, 515
1, 1462, 518
1, 1586, 508
1, 1710, 506
1, 1834, 499
1, 1959, 531
1, 2083, 530
1, 2214, 504
1, 2338, 481
1, 2462, 487
1, 2587, 522
1, 2713, 564
1, 2837, 563
1, 2961, 506
1, 3086, 448
1, 3214, 457
1, 3338, 522
1, 3462, 550
1, 3587, 516
1, 3713, 465
1, 3837, 474
1, 3962, 527
1, 4086, 577
1, 4214, 588
1, 4338, 567
1, 4463, 555
1, 4587, 536
1, 4713, 493
1, 4837, 437
1, 4962, 424
1, 5086, 457
1, 5214, 501
1, 5338, 498
1, 5463, 460
1, 5587, 454
1, 5713, 502
1, 5837, 570
1, 5962, 598
1, 6086, 561
1, 6217, 518
1, 6341, 497
1, 6465, 475
1, 6590, 479
1, 6716, 485
1, 6840, 521
1, 6964, 552
1, 7089, 574
1, 7217, 563
1, 7341, 538
1, 7465, 524
1, 7590, 530
1, 7716, 545
1, 7840, 553
1, 7964, 547
1, 8089, 540
1, 8218, 533
1, 8342, 532
1, 8466, 537
1, 8590, 533
1, 8714, 517
1, 8838, 490
1, 8963, 478
1, 9087, 478
1, 9218, 477
1, 9342, 459
1, 9466, 433
1, 9590, 430
1, 9714, 454
1, 9838, 481
1, 9963, 486
1, 10087, 474
1, 10218, 470
1, 10342, 477
1, 10466, 471
1, 10590, 472
1, 10714, 482
1, 10838, 503
1, 10963, 522
1, 11087, 518
1, 11218, 513
1, 11342, 512
1, 11466, 524
1, 11590, 540
1, 11714, 549
1, 11838, 547
1, 11963, 529
1, 12087, 502
1, 12218, 500
1, 12342, 485
1, 12466, 496
1, 12591, 501
1, 12714, 491
1, 12838, 475
1, 12963, 463
1, 13087, 460
1, 13218, 466
1, 13342, 473
1, 13466, 480
1, 13591, 495
1, 13714, 518
1, 13838, 540
1, 13963, 554
1, 14087, 561
1, 14218, 540
1, 14342, 569
1, 14467, 581
1, 14591, 599
1, 14717, 606
1, 14841, 606
1, 14966, 593
1, 15090, 579
1, 15218, 564
1, 15342, 554
1, 15467, 547
1, 15591, 545
1, 15717, 543
1, 15841, 537
1, 15966, 529
1, 16090, 512
1, 16218, 499
1, 16342, 492
1, 16467, 486
1, 16591, 477
1, 16717, 473
1, 16841, 473
1, 16966, 480
1, 17090, 477
1, 17218, 471
1, 17342, 462
1, 17467, 465
1, 17591, 479
1, 17717, 499
1, 17841, 512
1, 17966, 514
1, 18090, 522
1, 18218, 539
1, 18342, 559
1, 18467, 576
1, 18591, 586
1, 18717, 587
1, 18841, 581
1, 18966, 568
1, 19090, 553
1, 19218, 546
1, 19343, 556
1, 19467, 576
1, 19591, 589
1, 19715, 589
1, 19839, 570
1, 19963, 544
1, 20088, 523
1, 20218, 513
1, 20343, 513
1, 20467, 512
1, 20591, 506
1, 20715, 496
1, 20839, 484
1, 20963, 478
1, 21088, 484
1, 21219, 502
1, 21343, 522
1, 21467, 528
1, 21591, 518
1, 21715, 501
1, 21839, 483
1, 21963, 473
1, 22088, 469
1, 22219, 468
1, 22343, 471
1, 22467, 477
1, 22591, 482
1, 22715, 485
1, 22839, 485
1, 22964, 486
1, 23088, 489
1, 23212, 491
1, 23338, 493
1, 23462, 491
1, 23586, 490
1, 23710, 489
1, 23834, 490
1, 23958, 493
1, 24083, 501
1, 24207, 505
1, 24332, 506
1, 24457, 504
1, 24581, 504
1, 24705, 504
1, 24829, 499
1, 24953, 491
1, 25077, 483
1, 25202, 479
1, 25326, 495
1, 25450, 488
1, 25575, 495
1, 25699, 500
1, 25824, 504
1, 25949, 502
1, 26073, 503
1, 26197, 501
1, 26322, 506
1, 26446, 510
1, 26570, 514
1, 26694, 513
1, 26819, 507
1, 26943, 501
1, 27067, 497
1, 27192, 498
1, 27316, 505
1, 27440, 511
1, 27564, 515
1, 27689, 515
1, 27813, 513
1, 27937, 513
1, 28062, 513
1, 28186, 518
1, 28312, 520
1, 28436, 520
1, 28560, 517
1, 28685, 514
1, 28809, 510
1, 28933, 510
1, 29057, 512
1, 29182, 518
1, 29307, 521
1, 29431, 517
1, 29556, 508
1, 29680, 496
1, 29804, 485
1, 29929, 480
1, 30053, 481
1, 30177, 485
1, 30305, 494
1, 30430, 496
1, 30554, 499
1, 30678, 498
1, 30803, 518
1, 30927, 509
1, 31051, 517
1, 31175, 526
1, 31306, 534
1, 31430, 543
1, 31555, 549
1, 31679, 553
1, 31803, 557
1, 31928, 561
1, 32052, 561
1, 32176, 562
1, 32304, 559
1, 32429, 553
1, 32553, 549
1, 32677, 551
1, 32803, 548
1, 32927, 545
1, 33051, 539
1, 33175, 532
1, 33306, 525
1, 33430, 518
1, 33555, 509
2, -3746, 511
2, -3622, 510
2, -3498, 511
2, -3374, 511
2, -3250, 511
2, -3126, 511
2, -3001, 511
2, -2877, 511
2, -2746, 511
2, -2622, 509
2, -2498, 508
2, -2374, 509
2, -2247, 511
2, -2123, 511
2, -1999, 510
2, -1875, 510
2, -1746, 510
2, -1622, 510
2, -1498, 510
2, -1374, 510
2, -1248, 511
2, -1123, 510
2, -999, 510
2, -875, 510
2, -744, 513
2, -620, 522
2, -496, 511
2, -371, 417
2, -248, 418
2, -124, 505
2, 0, 631
2, 124, 730
2, 255, 730
2, 379, 739
2, 503, 686
2, 628, 598
2, 751, 539
2, 876, 509
2, 1000, 502
2, 1124, 503
2, 1255, 505
2, 1379, 503
2, 1504, 494
2, 1628, 480
2, 1752, 480
2, 1876, 488
2, 2000, 491
2, 2124, 499
2, 2255, 491
2, 2379, 486
2, 2504, 476
2, 2628, 463
2, 2754, 469
2, 2879, 485
2, 3003, 505
2, 3127, 520
2, 3255, 512
2, 3380, 484
2, 3504, 479
2, 3628, 500
2, 3754, 523
2, 3879, 522
2, 4003, 505
2, 4127, 490
2, 4255, 471
2, 4380, 451
2, 4504, 446
2, 4628, 464
2, 4754, 479
2, 4879, 498
2, 5003, 500
2, 5127, 497
2, 5255, 493
2, 5380, 487
2, 5504, 509
2, 5628, 528
2, 5755, 531
2, 5879, 514
2, 6003, 494
2, 6127, 492
2, 6258, 495
2, 6383, 494
2, 6507, 499
2, 6631, 499
2, 6757, 488
2, 6882, 468
2, 7006, 451
2, 7130, 461
2, 7258, 494
2, 7383, 523
2, 7507, 527
2, 7631, 501
2, 7757, 476
2, 7882, 478
2, 8006, 500
2, 8130, 516
2, 8259, 518
2, 8383, 519
2, 8508, 513
2, 8632, 509
2, 8755, 501
2, 8880, 496
2, 9004, 500
2, 9128, 504
2, 9259, 497
2, 9383, 478
2, 9508, 457
2, 9632, 457
2, 9755, 478
2, 9880, 501
2, 10004, 517
2, 10128, 525
2, 10259, 528
2, 10383, 519
2, 10508, 498
2, 10632, 479
2, 10755, 476
2, 10880, 483
2, 11004, 490
2, 11128, 487
2, 11259, 478
2, 11383, 471
2, 11508, 471
2, 11632, 482
2, 11755, 494
2, 11880, 503
2, 12004, 507
2, 12128, 499
2, 12259, 479
2, 12383, 462
2, 12508, 455
2, 12632, 462
2, 12755, 480
2, 12880, 495
2, 13004, 507
2, 13128, 522
2, 13259, 535
2, 13383, 536
2, 13508, 523
2, 13632, 513
2, 13756, 510
2, 13880, 519
2, 14004, 525
2, 14128, 522
2, 14259, 519
2, 14384, 515
2, 14508, 507
2, 14632, 496
2, 14758, 491
2, 14883, 500
2, 15007, 519
2, 15131, 535
2, 15259, 543
2, 15384, 543
2, 15508, 537
2, 15632, 524
2, 15759, 505
2, 15883, 483
2, 16007, 473
2, 16131, 484
2, 16259, 503
2, 16384, 521
2, 16508, 527
2, 16632, 522
2, 16759, 516
2, 16883, 503
2, 17007, 499
2, 17131, 499
2, 17259, 504
2, 17384, 515
2, 17508, 527
2, 17632, 541
2, 17759, 547
2, 17883, 543
2, 18007, 536
2, 18131, 527
2, 18260, 526
2, 18384, 533
2, 18508, 537
2, 18632, 536
2, 18759, 529
2, 18883, 516
2, 19007, 500
2, 19131, 491
2, 19260, 485
2, 19384, 490
2, 19508, 499
2, 19633, 511
2, 19756, 521
2, 19880, 528
2, 20005, 536
2, 20129, 544
2, 20260, 555
2, 20384, 559
2, 20508, 555
2, 20633, 540
2, 20756, 516
2, 20881, 488
2, 21005, 466
2, 21129, 455
2, 21260, 448
2, 21384, 446
2, 21509, 448
2, 21633, 452
2, 21756, 461
2, 21881, 469
2, 22005, 478
2, 22129, 491
2, 22260, 509
2, 22384, 529
2, 22509, 553
2, 22633, 570
2, 22756, 581
2, 22881, 583
2, 23005, 578
2, 23129, 569
2, 23255, 559
2, 23379, 551
2, 23503, 542
2, 23628, 529
2, 23751, 525
2, 23875, 503
2, 24000, 490
2, 24124, 485
2, 24249, 481
2, 24374, 479
2, 24498, 477
2, 24622, 476
2, 24746, 483
2, 24870, 469
2, 24994, 467
2, 25119, 471
2, 25243, 476
2, 25367, 484
2, 25492, 495
2, 25616, 511
2, 25742, 524
2, 25866, 533
2, 25990, 537
2, 26114, 542
2, 26239, 546
2, 26363, 553
2, 26487, 556
2, 26612, 556
2, 26736, 556
2, 26860, 557
2, 26984, 558
2, 27109, 559
2, 27233, 556
2, 27357, 552
2, 27482, 550
2, 27606, 545
2, 27730, 539
2, 27854, 528
2, 27979, 519
2, 28103, 514
2, 28229, 510
2, 28353, 510
2, 28477, 504
2, 28602, 496
2, 28726, 486
2, 28850, 476
2, 28975, 469
2, 29099, 463
2, 29224, 455
2, 29349, 453
2, 29473, 454
2, 29597, 461
2, 29722, 444
2, 29846, 445
2, 29970, 445
2, 30094, 448
2, 30222, 452
2, 30347, 457
2, 30471, 465
2, 30595, 473
2, 30720, 485
2, 30844, 496
2, 30968, 503
2, 31093, 504
2, 31223, 499
2, 31348, 502
2, 31472, 505
2, 31596, 508
2, 31721, 509
2, 31845, 507
2, 31969, 510
2, 32093, 512
2, 32222, 524
2, 32346, 536
2, 32470, 546
2, 32594, 552
2, 32720, 555
2, 32844, 555
2, 32968, 557
2, 33093, 562
2, 33223, 568
2, 33348, 572
2, 33472, 578
2, 33596, 575
