# UUID: f4a17573-0fdf-42ee-9320-9659f8d8c9fc
# Label: n
0, -3829, 508
0, -3705, 508
0, -3581, 508
0, -3456, 508
0, -3332, 510
0, -3207, 509
0, -3082, 508
0, -2954, 508
0, -2830, 507
0, -2706, 508
0, -2582, 508
0, -2457, 508
0, -2333, 508
0, -2208, 508
0, -2083, 508
0, -1953, 501
0, -1829, 508
0, -1704, 508
0, -1580, 507
0, -1456, 508
0, -1332, 508
0, -1206, 509
0, -1082, 509
0, -954, 508
0, -830, 508
0, -705, 508
0, -581, 508
0, -457, 508
0, -333, 508
0, -207, 507
0, -83, 508
0, 48, 495
0, 173, 451
0, 297, 508
0, 421, 509
0, 545, 508
0, 670, 509
0, 793, 581
0, 917, 621
0, 1048, 599
0, 1173, 551
0, 1297, 511
0, 1421, 513
0, 1545, 497
0, 1670, 509
0, 1793, 529
0, 1917, 509
0, 2048, 473
0, 2173, 504
0, 2297, 554
0, 2421, 549
0, 2545, 534
0, 2670, 495
0, 2793, 449
0, 2917, 407
0, 3048, 387
0, 3173, 505
0, 3297, 639
0, 3421, 731
0, 3546, 712
0, 3670, 579
0, 3793, 463
0, 3918, 398
0, 4048, 351
0, 4173, 337
0, 4297, 360
0, 4421, 416
0, 4546, 471
0, 4670, 492
0, 4793, 477
0, 4918, 436
0, 5048, 420
0, 5173, 458
0, 5297, 489
0, 5421, 524
0, 5546, 647
0, 5670, 848
0, 5793, 1008
0, 5918, 1023
0, 6049, 890
0, 6173, 713
0, 6297, 536
0, 6421, 388
0, 6546, 319
0, 6670, 293
0, 6794, 305
0, 6918, 357
0, 7049, 433
0, 7173, 499
0, 7297, 549
0, 7422, 544
0, 7546, 514
0, 7670, 523
0, 7796, 530
0, 7921, 520
0, 8049, 521
0, 8173, 537
0, 8297, 551
0, 8422, 530
0, 8546, 492
0, 8670, 449
0, 8796, 409
0, 8921, 388
0, 9049, 375
0, 9173, 354
0, 9297, 314
0, 9422, 252
0, 9546, 176
0, 9670, 112
0, 9796, 80
0, 9921, 69
0, 10050, 62
0, 10174, 84
0, 10298, 132
0, 10422, 198
0, 10547, 279
0, 10671, 373
0, 10794, 451
0, 10919, 503
0, 11050, 547
0, 11174, 584
0, 11298, 609
0, 11422, 616
0, 11547, 613
0, 11671, 612
0, 11795, 612
0, 11919, 607
0, 12050, 579
0, 12174, 544
0, 12298, 500
0, 12423, 462
0, 12547, 421
0, 12671, 384
0, 12797, 357
0, 12922, 348
0, 13050, 378
0, 13174, 450
0, 13298, 564
0, 13423, 698
0, 13547, 825
0, 13671, 923
0, 13797, 976
0, 13922, 999
0, 14050, 1009
0, 14174, 1019
0, 14298, 1023
0, 14423, 1023
0, 14547, 1023
0, 14671, 1023
0, 14797, 1023
0, 14922, 1023
0, 15052, 930
0, 15177, 826
0, 15301, 735
0, 15425, 665
0, 15550, 613
0, 15674, 586
0, 15800, 593
0, 15924, 623
0, 16052, 654
0, 16177, 651
0, 16301, 678
0, 16425, 686
0, 16550, 710
0, 16674, 730
0, 16800, 747
0, 16924, 756
0, 17052, 754
0, 17177, 724
0, 17301, 672
0, 17425, 608
0, 17550, 547
0, 17674, 495
0, 17800, 461
0, 17924, 438
0, 18052, 423
0, 18177, 393
0, 18301, 369
0, 18425, 346
0, 18550, 323
0, 18674, 314
0, 18800, 310
0, 18924, 323
0, 19052, 340
0, 19177, 360
0, 19301, 387
0, 19425, 421
0, 19550, 472
0, 19674, 535
0, 19800, 597
0, 19924, 648
0, 20053, 665
0, 20177, 717
0, 20301, 734
0, 20425, 737
0, 20550, 722
0, 20674, 699
0, 20800, 666
0, 20925, 637
0, 21053, 604
0, 21177, 576
0, 21301, 545
0, 21426, 514
0, 21550, 484
0, 21674, 453
0, 21801, 424
0, 21925, 402
0, 22053, 385
0, 22177, 392
0, 22301, 401
0, 22426, 410
0, 22550, 418
0, 22674, 414
0, 22801, 390
0, 22925, 368
0, 23053, 350
0, 23177, 343
0, 23302, 337
0, 23426, 332
0, 23550, 323
0, 23674, 305
0, 23801, 286
0, 23925, 267
0, 24053, 260
0, 24177, 258
0, 24302, 257
0, 24426, 258
0, 24550, 265
0, 24675, 275
0, 24801, 286
0, 24925, 289
0, 25053, 294
0, 25177, 296
0, 25302, 303
0, 25426, 322
0, 25550, 350
0, 25675, 386
0, 25801, 418
0, 25925, 438
0, 26054, 463
0, 26178, 436
0, 26303, 413
0, 26427, 384
0, 26551, 357
0, 26676, 332
0, 26800, 318
0, 26924, 303
0, 27055, 296
0, 27179, 296
0, 27303, 308
0, 27428, 329
0, 27552, 356
0, 27676, 384
0, 27800, 412
0, 27924, 439
0, 28055, 477
0, 28179, 486
0, 28303, 508
0, 28428, 520
0, 28552, 529
0, 28676, 540
0, 28800, 552
0, 28924, 562
0, 29055, 574
0, 29179, 594
0, 29303, 618
0, 29428, 639
0, 29552, 659
0, 29676, 682
0, 29800, 704
0, 29924, 720
0, 30055, 733
0, 30179, 740
0, 30304, 746
0, 30428, 754
0, 30552, 754
0, 30677, 751
0, 30803, 739
0, 30927, 737
0, 31055, 731
0, 31180, 726
0, 31304, 716
0, 31428, 700
0, 31552, 685
0, 31677, 674
0, 31800, 666
0, 31925, 663
0, 32056, 672
0, 32180, 667
0, 32304, 659
0, 32429, 643
0, 32553, 628
0, 32677, 611
0, 32801, 596
0, 32925, 584
0, 33056, 578
0, 33180, 580
0, 33304, 588
0, 33429, 598
0, 33553, 605
1, -3788, 512
1, -3664, 510
1, -3539, 512
1, -3415, 511
1, -3291, 511
1, -3165, 512
1, -3041, 512
1, -2913, 512
1, -2789, 511
1, -2665, 512
1, -2540, 512
1, -2416, 512
1, -2292, 511
1, -2166, 512
1, -2042, 512
1, -1911, 513
1, -1787, 511
1, -1663, 512
1, -1539, 511
1, -1414, 511
1, -1290, 512
1, -1165, 512
1, -1040, 512
1, -912, 511
1, -788, 513
1, -664, 512
1, -540, 512
1, -416, 512
1, -291, 512
1, -166, 511
1, -41, 512
1, 90, 437
1, 214, 473
1, 338, 512
1, 463, 512
1, 587, 512
1, 711, 512
1, 835, 610
1, 959, 623
1, 1090, 587
1, 1214, 543
1, 1338, 511
1, 1463, 496
1, 1587, 537
1, 1711, 506
1, 1835, 477
1, 1959, 503
1, 2090, 523
1, 2214, 552
1, 2338, 567
1, 2463, 511
1, 2587, 406
1, 2711, 350
1, 2835, 455
1, 2959, 589
1, 3090, 643
1, 3214, 654
1, 3338, 633
1, 3463, 622
1, 3587, 603
1, 3711, 508
1, 3835, 365
1, 3959, 256
1, 4090, 254
1, 4214, 276
1, 4338, 316
1, 4463, 383
1, 4587, 437
1, 4711, 475
1, 4835, 519
1, 4959, 568
1, 5090, 624
1, 5214, 675
1, 5338, 708
1, 5463, 731
1, 5587, 748
1, 5711, 749
1, 5835, 750
1, 5959, 763
1, 6090, 817
1, 6214, 880
1, 6339, 926
1, 6463, 909
1, 6587, 849
1, 6711, 799
1, 6835, 736
1, 6959, 626
1, 7090, 507
1, 7214, 386
1, 7339, 287
1, 7463, 221
1, 7587, 163
1, 7712, 100
1, 7838, 39
1, 7962, 0
1, 8090, 0
1, 8214, 0
1, 8339, 0
1, 8463, 0
1, 8587, 0
1, 8712, 0
1, 8838, 0
1, 8962, 6
1, 9090, 94
1, 9214, 196
1, 9339, 312
1, 9463, 449
1, 9587, 582
1, 9712, 696
1, 9838, 782
1, 9962, 858
1, 10091, 938
1, 10215, 1023
1, 10340, 1023
1, 10464, 1023
1, 10588, 1023
1, 10712, 1023
1, 10836, 1023
1, 10960, 991
1, 11091, 950
1, 11215, 930
1, 11340, 916
1, 11464, 871
1, 11588, 808
1, 11712, 757
1, 11836, 728
1, 11960, 709
1, 12091, 697
1, 12215, 680
1, 12340, 661
1, 12464, 659
1, 12588, 674
1, 12713, 707
1, 12839, 750
1, 12963, 790
1, 13091, 828
1, 13215, 874
1, 13340, 927
1, 13464, 957
1, 13588, 958
1, 13713, 948
1, 13839, 943
1, 13963, 946
1, 14091, 950
1, 14215, 945
1, 14340, 928
1, 14464, 904
1, 14588, 901
1, 14713, 925
1, 14839, 972
1, 14963, 1023
1, 15094, 1023
1, 15218, 1023
1, 15342, 1023
1, 15467, 1023
1, 15591, 974
1, 15717, 902
1, 15841, 836
1, 15966, 777
1, 16094, 716
1, 16218, 664
1, 16342, 628
1, 16467, 619
1, 16591, 626
1, 16717, 633
1, 16841, 638
1, 16966, 639
1, 17094, 640
1, 17218, 634
1, 17342, 621
1, 17467, 591
1, 17591, 552
1, 17717, 527
1, 17841, 526
1, 17966, 532
1, 18094, 529
1, 18218, 523
1, 18342, 514
1, 18467, 487
1, 18591, 441
1, 18717, 382
1, 18842, 332
1, 18966, 294
1, 19094, 272
1, 19218, 245
1, 19342, 204
1, 19467, 160
1, 19591, 138
1, 19717, 146
1, 19842, 181
1, 19966, 226
1, 20094, 274
1, 20218, 307
1, 20343, 324
1, 20467, 329
1, 20591, 329
1, 20717, 326
1, 20842, 322
1, 20966, 319
1, 21094, 326
1, 21219, 342
1, 21343, 369
1, 21467, 408
1, 21591, 457
1, 21718, 506
1, 21842, 535
1, 21966, 540
1, 22094, 526
1, 22219, 500
1, 22343, 465
1, 22467, 429
1, 22591, 407
1, 22718, 398
1, 22842, 406
1, 22966, 434
1, 23094, 475
1, 23219, 520
1, 23343, 560
1, 23467, 594
1, 23592, 619
1, 23718, 639
1, 23842, 651
1, 23966, 658
1, 24095, 664
1, 24219, 679
1, 24343, 704
1, 24467, 737
1, 24592, 769
1, 24718, 801
1, 24842, 828
1, 24966, 845
1, 25095, 849
1, 25219, 840
1, 25343, 822
1, 25467, 798
1, 25592, 766
1, 25718, 733
1, 25842, 708
1, 25967, 694
1, 26096, 685
1, 26220, 668
1, 26344, 635
1, 26468, 584
1, 26593, 527
1, 26717, 474
1, 26841, 429
1, 26965, 390
1, 27096, 349
1, 27220, 300
1, 27345, 252
1, 27469, 218
1, 27593, 195
1, 27717, 186
1, 27841, 192
1, 27965, 212
1, 28096, 232
1, 28220, 258
1, 28345, 286
1, 28469, 310
1, 28593, 338
1, 28717, 374
1, 28841, 408
1, 28966, 438
1, 29096, 475
1, 29221, 503
1, 29345, 525
1, 29469, 543
1, 29593, 559
1, 29717, 573
1, 29841, 582
1, 29966, 579
1, 30097, 565
1, 30221, 543
1, 30345, 510
1, 30469, 474
1, 30594, 446
1, 30720, 427
1, 30844, 416
1, 30968, 403
1, 31097, 394
1, 31221, 381
1, 31345, 362
1, 31470, 337
1, 31594, 309
1, 31718, 284
1, 31842, 264
1, 31966, 253
1, 32097, 251
1, 32221, 256
1, 32346, 273
1, 32470, 298
1, 32594, 327
1, 32718, 356
1, 32842, 388
1, 32966, 419
1, 33097, 452
1, 33222, 482
1, 33346, 509
1, 33470, 532
1, 33594, 560
2, -3746, 507
2, -3622, 507
2, -3498, 507
2, -3374, 508
2, -3248, 507
2, -3124, 506
2, -3000, 506
2, -2872, 507
2, -2747, 507
2, -2623, 513
2, -2499, 507
2, -2375, 508
2, -2249, 507
2, -2125, 507
2, -2001, 508
2, -1870, 508
2, -1746, 508
2, -1622, 508
2, -1497, 507
2, -1373, 507
2, -1247, 507
2, -1123, 507
2, -999, 507
2, -871, 507
2, -747, 508
2, -623, 514
2, -498, 518
2, -374, 527
2, -249, 522
2, -124, 539
2, 0, 951
2, 131, 1023
2, 255, 1023
2, 380, 996
2, 504, 625
2, 628, 203
2, 752, 0
2, 876, 0
2, 1000, 0
2, 1131, 0
2, 1255, 0
2, 1380, 0
2, 1504, 70
2, 1628, 188
2, 1752, 288
2, 1876, 328
2, 2000, 335
2, 2131, 363
2, 2255, 335
2, 2380, 317
2, 2504, 329
2, 2628, 296
2, 2752, 211
2, 2876, 148
2, 3000, 138
2, 3131, 149
2, 3256, 178
2, 3380, 206
2, 3504, 223
2, 3628, 249
2, 3752, 238
2, 3876, 230
2, 4000, 266
2, 4131, 332
2, 4256, 403
2, 4380, 479
2, 4504, 556
2, 4628, 690
2, 4752, 806
2, 4876, 819
2, 5001, 797
2, 5131, 811
2, 5256, 804
2, 5380, 790
2, 5504, 811
2, 5628, 858
2, 5752, 922
2, 5876, 978
2, 6001, 1001
2, 6131, 1023
2, 6256, 1023
2, 6380, 1023
2, 6504, 1023
2, 6629, 1023
2, 6752, 1023
2, 6876, 1023
2, 7001, 1023
2, 7131, 1023
2, 7256, 1023
2, 7380, 1023
2, 7504, 1023
2, 7629, 1023
2, 7755, 1023
2, 7879, 1023
2, 8003, 1023
2, 8132, 1015
2, 8256, 951
2, 8380, 903
2, 8504, 845
2, 8629, 786
2, 8755, 754
2, 8879, 736
2, 9003, 733
2, 9132, 707
2, 9256, 674
2, 9380, 702
2, 9504, 715
2, 9629, 751
2, 9755, 762
2, 9879, 758
2, 10004, 783
2, 10132, 835
2, 10257, 874
2, 10381, 896
2, 10505, 919
2, 10630, 951
2, 10753, 988
2, 10877, 1023
2, 11002, 1023
2, 11132, 1023
2, 11257, 1023
2, 11381, 1023
2, 11505, 1023
2, 11630, 949
2, 11753, 894
2, 11877, 886
2, 12002, 926
2, 12133, 975
2, 12257, 1007
2, 12381, 1015
2, 12505, 1017
2, 12630, 1015
2, 12756, 1016
2, 12880, 1023
2, 13004, 1023
2, 13132, 1023
2, 13257, 1023
2, 13381, 1023
2, 13505, 1023
2, 13630, 948
2, 13756, 868
2, 13880, 803
2, 14004, 753
2, 14132, 727
2, 14257, 732
2, 14381, 771
2, 14505, 833
2, 14630, 897
2, 14756, 953
2, 14880, 978
2, 15004, 960
2, 15135, 905
2, 15259, 842
2, 15384, 794
2, 15508, 775
2, 15632, 780
2, 15759, 796
2, 15883, 812
2, 16007, 802
2, 16135, 774
2, 16260, 745
2, 16384, 723
2, 16508, 715
2, 16632, 726
2, 16759, 752
2, 16883, 787
2, 17007, 813
2, 17135, 823
2, 17260, 827
2, 17384, 835
2, 17508, 836
2, 17632, 819
2, 17759, 797
2, 17883, 778
2, 18007, 755
2, 18135, 731
2, 18260, 708
2, 18384, 696
2, 18508, 698
2, 18632, 703
2, 18759, 699
2, 18883, 676
2, 19007, 662
2, 19135, 666
2, 19260, 672
2, 19384, 670
2, 19508, 643
2, 19632, 586
2, 19759, 573
2, 19883, 569
2, 20007, 564
2, 20135, 581
2, 20260, 611
2, 20384, 648
2, 20508, 675
2, 20633, 694
2, 20759, 709
2, 20883, 723
2, 21007, 743
2, 21136, 774
2, 21260, 812
2, 21384, 860
2, 21509, 892
2, 21633, 900
2, 21759, 925
2, 21883, 941
2, 22008, 948
2, 22136, 956
2, 22260, 971
2, 22384, 984
2, 22509, 989
2, 22633, 982
2, 22759, 972
2, 22883, 968
2, 23008, 978
2, 23136, 991
2, 23260, 1005
2, 23384, 1023
2, 23509, 1023
2, 23633, 1023
2, 23759, 1023
2, 23884, 1023
2, 24008, 1023
2, 24136, 1023
2, 24260, 1023
2, 24385, 1023
2, 24509, 1023
2, 24633, 1012
2, 24759, 987
2, 24884, 964
2, 25008, 943
2, 25136, 927
2, 25260, 915
2, 25385, 885
2, 25509, 859
2, 25633, 805
2, 25760, 763
2, 25884, 709
2, 26008, 665
2, 26137, 622
2, 26261, 587
2, 26386, 561
2, 26510, 541
2, 26634, 527
2, 26758, 513
2, 26882, 506
2, 27007, 512
2, 27137, 529
2, 27262, 546
2, 27386, 569
2, 27510, 602
2, 27635, 631
2, 27758, 679
2, 27883, 715
2, 28007, 741
2, 28138, 748
2, 28262, 737
2, 28386, 718
2, 28510, 703
2, 28635, 703
2, 28758, 713
2, 28883, 725
2, 29007, 737
2, 29138, 753
2, 29262, 764
2, 29386, 770
2, 29511, 778
2, 29635, 794
2, 29758, 785
2, 29883, 799
2, 30007, 826
2, 30138, 857
2, 30262, 879
2, 30387, 894
2, 30511, 906
2, 30635, 914
2, 30761, 920
2, 30886, 932
2, 31010, 944
2, 31138, 953
2, 31262, 958
2, 31387, 954
2, 31511, 934
2, 31635, 916
2, 31759, 859
2, 31883, 805
2, 32008, 748
2, 32139, 687
2, 32263, 630
2, 32387, 575
2, 32511, 525
2, 32636, 480
2, 32759, 439
2, 32883, 398
2, 33008, 365
2, 33139, 338
2, 33263, 312
2, 33387, 291
2, 33512, 274
2, 33636, 236
