# UUID: f4302c8e-dc6b-4852-8fe2-e8ef5bfae020
# Label: n
0, -3751, 503
0, -3627, 495
0, -3503, 511
0, -3379, 507
0, -3248, 500
0, -3124, 508
0, -3000, 491
0, -2875, 513
0, -2751, 517
0, -2627, 505
0, -2503, 512
0, -2378, 513
0, -2247, 522
0, -2123, 530
0, -1998, 535
0, -1874, 549
0, -1750, 553
0, -1626, 557
0, -1502, 560
0, -1377, 557
0, -1249, 549
0, -1125, 553
0, -1001, 555
0, -877, 540
0, -752, 529
0, -628, 513
0, -504, 494
0, -380, 468
0, -249, 436
0, -125, 403
0, 0, 384
0, 124, 331
0, 249, 294
0, 373, 244
0, 497, 210
0, 622, 171
0, 753, 113
0, 877, 86
0, 1001, 38
0, 1125, 0
0, 1250, 0
0, 1374, 0
0, 1498, 0
0, 1623, 0
0, 1753, 0
0, 1878, 0
0, 2002, 0
0, 2126, 0
0, 2252, 0
0, 2376, 0
0, 2500, 0
0, 2625, 0
0, 2753, 0
0, 2877, 0
0, 3001, 0
0, 3126, 0
0, 3250, 0
0, 3374, 0
0, 3499, 0
0, 3623, 0
0, 3754, 0
0, 3878, 0
0, 4002, 0
0, 4127, 0
0, 4252, 0
0, 4377, 0
0, 4501, 0
0, 4625, 0
0, 4753, 0
0, 4878, 0
0, 5002, 0
0, 5126, 0
0, 5250, 0
0, 5375, 0
0, 5499, 27
0, 5623, 85
0, 5754, 140
0, 5878, 198
0, 6003, 246
0, 6127, 311
0, 6253, 346
0, 6377, 408
0, 6501, 468
0, 6625, 518
0, 6754, 576
0, 6878, 624
0, 7002, 681
0, 7126, 727
0, 7252, 776
0, 7376, 825
0, 7501, 863
0, 7625, 901
0, 7756, 950
0, 7880, 984
0, 8004, 1013
0, 8128, 1023
0, 8253, 1023
0, 8377, 1023
0, 8501, 1023
0, 8626, 1023
0, 8754, 1023
0, 8878, 1023
0, 9002, 1023
0, 9127, 1023
0, 9252, 1023
0, 9377, 1023
0, 9501, 1023
0, 9625, 1023
0, 9756, 1023
0, 9880, 1023
0, 10005, 1023
0, 10129, 1023
0, 10253, 1023
0, 10377, 1023
0, 10502, 1023
0, 10626, 1023
0, 10754, 1023
0, 10878, 1023
0, 11003, 1023
0, 11127, 1023
0, 11253, 1023
0, 11377, 1023
0, 11501, 1023
0, 11625, 1023
0, 11756, 1023
0, 11880, 1023
0, 12005, 1023
0, 12129, 1023
0, 12253, 1023
0, 12378, 1023
0, 12502, 1023
0, 12626, 1023
0, 12757, 1023
0, 12881, 1023
0, 13006, 1023
0, 13130, 1023
0, 13254, 1023
0, 13378, 1023
0, 13503, 1018
0, 13627, 1022
0, 13756, 1023
0, 13880, 1023
0, 14004, 1021
0, 14129, 1023
0, 14253, 1013
0, 14377, 1023
0, 14502, 1023
0, 14626, 1023
0, 14757, 1023
0, 14881, 1023
0, 15005, 1023
0, 15130, 1023
0, 15254, 1023
0, 15378, 1023
0, 15502, 1023
0, 15627, 1023
0, 15757, 1020
0, 15882, 1013
0, 16006, 1020
0, 16130, 1006
0, 16255, 1020
0, 16379, 1002
0, 16503, 1001
0, 16627, 1009
0, 16758, 999
0, 16883, 1012
0, 17007, 1007
0, 17131, 1000
0, 17255, 1008
0, 17380, 1001
0, 17504, 1008
0, 17628, 1013
0, 17756, 1013
0, 17881, 1021
0, 18005, 1018
0, 18129, 1006
0, 18254, 1014
0, 18378, 1012
0, 18502, 1013
0, 18627, 1006
0, 18757, 1008
0, 18882, 1006
0, 19006, 994
0, 19130, 1002
0, 19255, 998
0, 19379, 982
0, 19503, 992
0, 19627, 989
0, 19758, 967
0, 19883, 982
0, 20007, 972
0, 20131, 968
0, 20256, 961
0, 20380, 957
0, 20504, 955
0, 20628, 945
0, 20759, 941
0, 20883, 931
0, 21008, 919
0, 21132, 915
0, 21256, 908
0, 21381, 902
0, 21505, 896
0, 21629, 888
0, 21757, 873
0, 21882, 854
0, 22006, 847
0, 22130, 848
0, 22255, 823
0, 22379, 805
0, 22503, 806
0, 22627, 790
0, 22758, 779
0, 22883, 772
0, 23007, 768
0, 23131, 760
0, 23255, 748
0, 23380, 743
0, 23504, 730
0, 23628, 712
0, 23759, 688
0, 23884, 704
0, 24008, 698
0, 24132, 694
0, 24256, 687
0, 24381, 677
0, 24505, 688
0, 24629, 691
0, 24760, 683
0, 24884, 682
0, 25009, 692
0, 25133, 696
0, 25257, 710
0, 25382, 705
0, 25506, 708
0, 25630, 709
0, 25761, 734
0, 25885, 743
0, 26009, 748
0, 26134, 753
0, 26258, 763
0, 26382, 765
0, 26507, 770
0, 26631, 801
0, 26759, 802
0, 26883, 816
0, 27008, 837
0, 27132, 848
0, 27256, 876
0, 27380, 887
0, 27505, 907
0, 27629, 925
0, 27760, 937
0, 27884, 952
0, 28008, 950
0, 28133, 976
0, 28257, 993
0, 28381, 1006
0, 28506, 1003
0, 28630, 1006
0, 28761, 1023
0, 28885, 1023
0, 29009, 1023
0, 29134, 1023
0, 29258, 1023
0, 29382, 1023
0, 29507, 1023
0, 29631, 1023
0, 29762, 1023
0, 29887, 1023
0, 30011, 1023
0, 30135, 1023
0, 30259, 1023
0, 30384, 1023
0, 30508, 1023
0, 30632, 1013
0, 30760, 988
0, 30885, 979
0, 31009, 958
0, 31133, 954
0, 31258, 942
0, 31382, 921
0, 31506, 912
0, 31631, 883
0, 31761, 871
0, 31886, 851
0, 32010, 823
0, 32134, 798
0, 32258, 777
0, 32383, 751
0, 32507, 726
0, 32631, 695
0, 32762, 676
0, 32886, 657
0, 33011, 619
0, 33135, 585
0, 33259, 550
0, 33384, 536
0, 33508, 506
0, 33632, 463
1, -3710, 510
1, -3586, 536
1, -3462, 518
1, -3337, 514
1, -3207, 504
1, -3082, 490
1, -2958, 514
1, -2834, 508
1, -2710, 495
1, -2585, 508
1, -2461, 505
1, -2337, 497
1, -2206, 511
1, -2081, 518
1, -1957, 513
1, -1833, 509
1, -1709, 499
1, -1584, 505
1, -1460, 507
1, -1336, 499
1, -1208, 505
1, -1084, 518
1, -959, 501
1, -835, 506
1, -711, 511
1, -587, 502
1, -462, 504
1, -338, 507
1, -207, 516
1, -83, 510
1, 42, 498
1, 166, 511
1, 290, 512
1, 415, 516
1, 539, 518
1, 663, 522
1, 794, 504
1, 918, 505
1, 1043, 509
1, 1167, 515
1, 1291, 517
1, 1415, 520
1, 1540, 513
1, 1664, 505
1, 1795, 523
1, 1919, 523
1, 2043, 522
1, 2169, 526
1, 2293, 526
1, 2418, 519
1, 2542, 529
1, 2666, 538
1, 2794, 550
1, 2919, 545
1, 3043, 545
1, 3167, 554
1, 3292, 540
1, 3416, 546
1, 3540, 547
1, 3664, 544
1, 3795, 535
1, 3920, 525
1, 4044, 519
1, 4169, 527
1, 4294, 520
1, 4418, 503
1, 4542, 507
1, 4667, 494
1, 4795, 490
1, 4919, 491
1, 5043, 482
1, 5168, 474
1, 5292, 476
1, 5416, 481
1, 5540, 470
1, 5665, 481
1, 5795, 488
1, 5920, 490
1, 6044, 501
1, 6170, 498
1, 6294, 513
1, 6418, 516
1, 6543, 517
1, 6667, 521
1, 6795, 524
1, 6919, 527
1, 7044, 524
1, 7169, 517
1, 7293, 510
1, 7418, 503
1, 7542, 487
1, 7666, 466
1, 7797, 449
1, 7921, 451
1, 8046, 432
1, 8170, 425
1, 8294, 412
1, 8418, 396
1, 8543, 389
1, 8667, 372
1, 8795, 370
1, 8920, 353
1, 9044, 341
1, 9169, 351
1, 9294, 348
1, 9418, 359
1, 9542, 362
1, 9667, 364
1, 9797, 374
1, 9922, 375
1, 10046, 397
1, 10170, 407
1, 10295, 421
1, 10419, 427
1, 10543, 444
1, 10667, 467
1, 10795, 484
1, 10920, 505
1, 11044, 522
1, 11170, 550
1, 11294, 554
1, 11418, 572
1, 11543, 586
1, 11667, 593
1, 11798, 607
1, 11922, 622
1, 12046, 631
1, 12170, 652
1, 12295, 648
1, 12419, 655
1, 12543, 664
1, 12668, 660
1, 12798, 667
1, 12923, 668
1, 13047, 664
1, 13171, 658
1, 13296, 651
1, 13420, 648
1, 13544, 638
1, 13668, 643
1, 13797, 631
1, 13922, 635
1, 14046, 623
1, 14170, 601
1, 14294, 598
1, 14419, 595
1, 14543, 597
1, 14667, 581
1, 14798, 580
1, 14922, 581
1, 15047, 586
1, 15171, 582
1, 15295, 595
1, 15420, 589
1, 15544, 588
1, 15668, 605
1, 15799, 595
1, 15923, 608
1, 16047, 607
1, 16172, 621
1, 16296, 625
1, 16420, 640
1, 16545, 651
1, 16669, 655
1, 16800, 658
1, 16924, 665
1, 17048, 673
1, 17173, 674
1, 17297, 675
1, 17421, 701
1, 17545, 694
1, 17670, 694
1, 17798, 703
1, 17922, 698
1, 18046, 688
1, 18171, 703
1, 18295, 685
1, 18419, 683
1, 18544, 678
1, 18668, 661
1, 18799, 647
1, 18923, 627
1, 19047, 621
1, 19172, 603
1, 19296, 581
1, 19420, 573
1, 19545, 567
1, 19669, 556
1, 19800, 536
1, 19924, 532
1, 20048, 514
1, 20173, 509
1, 20297, 495
1, 20421, 491
1, 20546, 488
1, 20670, 480
1, 20801, 470
1, 20925, 479
1, 21049, 484
1, 21173, 486
1, 21298, 473
1, 21422, 473
1, 21546, 487
1, 21671, 488
1, 21799, 479
1, 21923, 484
1, 22047, 496
1, 22172, 503
1, 22296, 503
1, 22420, 515
1, 22545, 517
1, 22669, 522
1, 22800, 521
1, 22924, 529
1, 23048, 539
1, 23173, 532
1, 23297, 537
1, 23421, 541
1, 23545, 547
1, 23670, 563
1, 23801, 554
1, 23925, 557
1, 24049, 553
1, 24174, 560
1, 24298, 548
1, 24422, 544
1, 24546, 524
1, 24671, 518
1, 24802, 517
1, 24926, 499
1, 25050, 498
1, 25174, 477
1, 25299, 477
1, 25423, 481
1, 25547, 460
1, 25672, 476
1, 25802, 459
1, 25927, 468
1, 26051, 470
1, 26175, 463
1, 26299, 447
1, 26424, 449
1, 26548, 453
1, 26672, 443
1, 26800, 431
1, 26925, 415
1, 27049, 408
1, 27173, 405
1, 27298, 372
1, 27422, 405
1, 27546, 383
1, 27670, 365
1, 27801, 354
1, 27926, 353
1, 28050, 367
1, 28174, 365
1, 28298, 331
1, 28423, 338
1, 28547, 336
1, 28671, 334
1, 28802, 320
1, 28927, 330
1, 29051, 330
1, 29175, 321
1, 29299, 333
1, 29424, 323
1, 29548, 336
1, 29672, 338
1, 29804, 335
1, 29928, 342
1, 30052, 333
1, 30177, 347
1, 30301, 362
1, 30425, 366
1, 30549, 365
1, 30674, 365
1, 30802, 374
1, 30926, 382
1, 31050, 386
1, 31175, 396
1, 31299, 401
1, 31423, 400
1, 31548, 403
1, 31672, 419
1, 31803, 418
1, 31927, 421
1, 32051, 433
1, 32176, 440
1, 32300, 443
1, 32424, 455
1, 32548, 464
1, 32673, 460
1, 32803, 482
1, 32928, 484
1, 33052, 500
1, 33176, 500
1, 33301, 505
1, 33425, 529
1, 33549, 541
1, 33674, 529
2, -3669, 523
2, -3544, 508
2, -3420, 501
2, -3296, 499
2, -3165, 493
2, -3041, 503
2, -2917, 512
2, -2792, 502
2, -2668, 524
2, -2544, 502
2, -2420, 508
2, -2296, 497
2, -2164, 527
2, -2040, 509
2, -1916, 512
2, -1791, 508
2, -1667, 504
2, -1543, 497
2, -1419, 507
2, -1295, 504
2, -1166, 508
2, -1042, 510
2, -918, 508
2, -794, 496
2, -670, 498
2, -545, 504
2, -421, 504
2, -297, 506
2, -166, 515
2, -42, 501
2, 83, 508
2, 207, 507
2, 332, 512
2, 456, 514
2, 580, 509
2, 705, 516
2, 835, 511
2, 960, 513
2, 1084, 516
2, 1208, 516
2, 1333, 527
2, 1457, 516
2, 1581, 509
2, 1705, 508
2, 1836, 552
2, 1960, 508
2, 2085, 535
2, 2210, 509
2, 2335, 509
2, 2459, 514
2, 2583, 507
2, 2708, 506
2, 2836, 511
2, 2960, 518
2, 3084, 522
2, 3209, 512
2, 3333, 529
2, 3457, 529
2, 3582, 526
2, 3706, 530
2, 3837, 532
2, 3961, 526
2, 4085, 530
2, 4211, 541
2, 4335, 550
2, 4459, 566
2, 4584, 557
2, 4708, 565
2, 4836, 563
2, 4960, 570
2, 5085, 575
2, 5209, 560
2, 5333, 570
2, 5458, 561
2, 5582, 557
2, 5706, 542
2, 5837, 536
2, 5961, 528
2, 6085, 523
2, 6211, 520
2, 6335, 496
2, 6460, 462
2, 6584, 477
2, 6708, 478
2, 6836, 467
2, 6961, 449
2, 7085, 451
2, 7211, 440
2, 7335, 432
2, 7459, 435
2, 7583, 424
2, 7708, 424
2, 7838, 433
2, 7963, 438
2, 8087, 428
2, 8211, 441
2, 8336, 436
2, 8460, 453
2, 8584, 445
2, 8708, 436
2, 8837, 445
2, 8961, 451
2, 9085, 454
2, 9211, 458
2, 9335, 461
2, 9459, 446
2, 9584, 445
2, 9708, 437
2, 9839, 425
2, 9963, 441
2, 10087, 427
2, 10212, 426
2, 10336, 421
2, 10460, 407
2, 10585, 409
2, 10709, 411
2, 10837, 409
2, 10961, 406
2, 11085, 412
2, 11211, 414
2, 11335, 396
2, 11460, 415
2, 11584, 398
2, 11708, 416
2, 11839, 412
2, 11963, 410
2, 12088, 426
2, 12212, 432
2, 12336, 438
2, 12460, 442
2, 12585, 445
2, 12709, 450
2, 12840, 476
2, 12964, 482
2, 13088, 483
2, 13213, 500
2, 13337, 511
2, 13461, 524
2, 13586, 530
2, 13710, 547
2, 13839, 559
2, 13963, 583
2, 14087, 582
2, 14212, 597
2, 14336, 606
2, 14460, 627
2, 14584, 629
2, 14709, 645
2, 14839, 647
2, 14964, 659
2, 15088, 676
2, 15212, 683
2, 15337, 692
2, 15461, 694
2, 15585, 712
2, 15710, 710
2, 15840, 723
2, 15965, 754
2, 16089, 749
2, 16213, 755
2, 16337, 753
2, 16462, 771
2, 16586, 780
2, 16710, 792
2, 16841, 804
2, 16965, 808
2, 17090, 808
2, 17214, 809
2, 17338, 827
2, 17463, 834
2, 17587, 840
2, 17711, 833
2, 17839, 844
2, 17964, 851
2, 18088, 835
2, 18212, 844
2, 18336, 845
2, 18461, 845
2, 18585, 840
2, 18709, 832
2, 18840, 825
2, 18965, 807
2, 19089, 836
2, 19213, 801
2, 19337, 793
2, 19462, 782
2, 19586, 771
2, 19710, 774
2, 19841, 749
2, 19965, 733
2, 20090, 731
2, 20214, 719
2, 20338, 713
2, 20463, 707
2, 20587, 677
2, 20711, 671
2, 20842, 656
2, 20966, 642
2, 21091, 626
2, 21215, 609
2, 21339, 594
2, 21463, 547
2, 21588, 554
2, 21712, 531
2, 21840, 500
2, 21965, 480
2, 22089, 471
2, 22213, 452
2, 22337, 440
2, 22462, 409
2, 22586, 393
2, 22710, 378
2, 22841, 347
2, 22965, 320
2, 23090, 302
2, 23214, 298
2, 23338, 266
2, 23463, 263
2, 23587, 246
2, 23711, 237
2, 23842, 223
2, 23966, 210
2, 24091, 206
2, 24215, 199
2, 24339, 199
2, 24464, 189
2, 24588, 184
2, 24712, 186
2, 24843, 186
2, 24967, 194
2, 25092, 196
2, 25216, 208
2, 25340, 202
2, 25464, 213
2, 25589, 213
2, 25713, 219
2, 25844, 233
2, 25968, 241
2, 26092, 250
2, 26217, 251
2, 26341, 267
2, 26465, 277
2, 26589, 288
2, 26714, 299
2, 26842, 299
2, 26966, 296
2, 27090, 329
2, 27215, 329
2, 27339, 354
2, 27463, 368
2, 27588, 383
2, 27712, 390
2, 27843, 434
2, 27967, 442
2, 28091, 447
2, 28216, 464
2, 28340, 487
2, 28464, 516
2, 28588, 539
2, 28713, 559
2, 28844, 556
2, 28968, 586
2, 29092, 594
2, 29217, 614
2, 29341, 613
2, 29465, 629
2, 29589, 634
2, 29714, 640
2, 29845, 649
2, 29969, 649
2, 30094, 653
2, 30218, 651
2, 30342, 663
2, 30467, 660
2, 30591, 664
2, 30715, 657
2, 30843, 657
2, 30968, 653
2, 31092, 654
2, 31216, 643
2, 31340, 638
2, 31465, 630
2, 31589, 618
2, 31713, 605
2, 31844, 600
2, 31968, 583
2, 32093, 572
2, 32217, 554
2, 32341, 553
2, 32466, 554
2, 32590, 530
2, 32714, 523
2, 32845, 515
2, 32969, 494
2, 33093, 492
2, 33218, 487
2, 33342, 471
2, 33466, 467
2, 33591, 460
2, 33715, 454
