# UUID: 84e0f2e8-abb5-4f08-80a8-c6261f483a5a
# Label: p
0, -3836, 512
0, -3711, 513
0, -3587, 511
0, -3463, 511
0, -3339, 512
0, -3208, 510
0, -3084, 514
0, -2960, 514
0, -2835, 511
0, -2711, 513
0, -2587, 512
0, -2463, 511
0, -2338, 511
0, -2208, 511
0, -2083, 511
0, -1959, 511
0, -1835, 511
0, -1711, 512
0, -1587, 511
0, -1462, 512
0, -1338, 511
0, -1207, 512
0, -1083, 512
0, -959, 514
0, -835, 512
0, -710, 514
0, -586, 505
0, -462, 522
0, -338, 521
0, -207, 463
0, -83, 529
0, 41, 621
0, 166, 599
0, 290, 382
0, 414, 200
0, 538, 343
0, 663, 681
0, 794, 857
0, 918, 731
0, 1042, 558
0, 1166, 553
0, 1291, 666
0, 1415, 687
0, 1539, 519
0, 1664, 288
0, 1794, 128
0, 1919, 81
0, 2043, 209
0, 2167, 366
0, 2292, 415
0, 2416, 395
0, 2540, 431
0, 2664, 529
0, 2795, 605
0, 2920, 590
0, 3045, 509
0, 3169, 530
0, 3294, 638
0, 3418, 665
0, 3542, 602
0, 3667, 556
0, 3795, 529
0, 3920, 458
0, 4045, 417
0, 4169, 443
0, 4294, 474
0, 4418, 512
0, 4542, 575
0, 4667, 608
0, 4795, 637
0, 4919, 665
0, 5043, 621
0, 5168, 523
0, 5292, 556
0, 5416, 687
0, 5540, 738
0, 5665, 702
0, 5796, 708
0, 5920, 745
0, 6045, 714
0, 6170, 686
0, 6294, 717
0, 6418, 779
0, 6543, 833
0, 6667, 869
0, 6795, 874
0, 6919, 845
0, 7045, 830
0, 7169, 836
0, 7294, 811
0, 7418, 726
0, 7542, 588
0, 7666, 474
0, 7797, 448
0, 7921, 467
0, 8047, 454
0, 8171, 410
0, 8296, 394
0, 8420, 416
0, 8544, 465
0, 8668, 549
0, 8797, 621
0, 8921, 612
0, 9046, 542
0, 9171, 516
0, 9295, 536
0, 9419, 536
0, 9544, 486
0, 9668, 437
0, 9796, 404
0, 9920, 374
0, 10046, 357
0, 10170, 362
0, 10294, 382
0, 10419, 399
0, 10543, 401
0, 10667, 392
0, 10798, 379
0, 10922, 358
0, 11048, 287
0, 11172, 230
0, 11297, 214
0, 11421, 227
0, 11545, 259
0, 11669, 314
0, 11798, 353
0, 11922, 409
0, 12048, 438
0, 12172, 457
0, 12296, 456
0, 12421, 419
0, 12545, 366
0, 12669, 321
0, 12797, 274
0, 12921, 232
0, 13047, 203
0, 13171, 189
0, 13296, 204
0, 13420, 252
0, 13544, 312
0, 13669, 348
0, 13799, 357
0, 13924, 332
0, 14049, 301
0, 14174, 286
0, 14298, 306
0, 14422, 355
0, 14546, 403
0, 14671, 441
0, 14799, 462
0, 14923, 475
0, 15049, 482
0, 15173, 485
0, 15297, 492
0, 15422, 516
0, 15546, 553
0, 15670, 586
0, 15798, 616
0, 15923, 642
0, 16046, 657
0, 16170, 656
0, 16294, 646
0, 16418, 630
0, 16543, 598
0, 16667, 556
0, 16791, 535
0, 16917, 547
0, 17041, 579
0, 17165, 613
0, 17290, 644
0, 17414, 663
0, 17538, 678
0, 17662, 696
0, 17787, 699
0, 17919, 681
0, 18050, 654
0, 18174, 646
0, 18299, 650
0, 18423, 656
0, 18547, 655
0, 18672, 647
0, 18800, 624
0, 18924, 601
0, 19050, 588
0, 19174, 590
0, 19298, 588
0, 19423, 575
0, 19547, 555
0, 19671, 539
0, 19802, 524
0, 19926, 509
0, 20050, 491
0, 20174, 466
0, 20298, 447
0, 20422, 434
0, 20546, 421
0, 20670, 408
0, 20801, 389
0, 20951, 384
0, 21104, 380
0, 21228, 381
0, 21378, 389
0, 21502, 391
0, 21662, 400
0, 21786, 416
0, 21912, 429
0, 22036, 435
0, 22182, 439
0, 22307, 448
0, 22466, 455
0, 22590, 441
0, 22749, 404
0, 22909, 378
0, 23034, 369
0, 23158, 361
0, 23283, 355
0, 23407, 361
0, 23531, 377
0, 23656, 386
0, 23780, 382
0, 23906, 377
0, 24030, 376
0, 24154, 384
0, 24278, 393
0, 24403, 397
0, 24527, 405
0, 24651, 411
0, 24776, 421
0, 24900, 433
0, 25025, 439
0, 25149, 434
0, 25273, 431
0, 25398, 439
0, 25522, 453
0, 25646, 472
0, 25770, 498
0, 25895, 531
0, 26019, 561
0, 26143, 584
0, 26267, 596
0, 26392, 598
0, 26516, 589
0, 26640, 574
0, 26764, 559
0, 26890, 548
0, 27014, 543
0, 27138, 541
0, 27262, 547
0, 27387, 554
0, 27511, 566
0, 27635, 572
0, 27760, 581
0, 27885, 589
0, 28009, 599
0, 28133, 601
0, 28257, 602
0, 28381, 595
0, 28506, 583
0, 28630, 571
0, 28754, 557
0, 28880, 543
0, 29004, 520
0, 29128, 511
0, 29252, 510
0, 29377, 517
0, 29501, 523
0, 29625, 539
0, 29750, 553
0, 29875, 554
0, 29999, 543
0, 30124, 530
0, 30248, 509
0, 30372, 490
0, 30497, 475
0, 30621, 469
0, 30745, 469
0, 30870, 466
0, 30994, 460
0, 31118, 460
0, 31242, 474
0, 31367, 489
0, 31491, 499
0, 31615, 504
0, 31740, 507
0, 31864, 508
0, 31988, 503
0, 32112, 497
0, 32237, 489
0, 32361, 477
0, 32485, 462
0, 32610, 450
0, 32734, 442
0, 32858, 437
0, 32982, 439
0, 33107, 447
0, 33232, 456
0, 33356, 460
0, 33480, 457
0, 33605, 462
0, 33729, 457
1, -3794, 512
1, -3670, 512
1, -3546, 513
1, -3422, 513
1, -3297, 512
1, -3167, 512
1, -3042, 510
1, -2918, 512
1, -2794, 512
1, -2670, 511
1, -2545, 512
1, -2421, 510
1, -2297, 513
1, -2166, 512
1, -2042, 513
1, -1918, 512
1, -1794, 512
1, -1669, 512
1, -1545, 512
1, -1421, 512
1, -1297, 511
1, -1166, 513
1, -1042, 512
1, -918, 513
1, -793, 511
1, -669, 512
1, -545, 513
1, -421, 513
1, -296, 513
1, -166, 514
1, -41, 511
1, 83, 506
1, 207, 515
1, 331, 517
1, 456, 496
1, 580, 546
1, 704, 502
1, 835, 485
1, 959, 527
1, 1084, 569
1, 1208, 513
1, 1332, 435
1, 1456, 439
1, 1581, 509
1, 1705, 630
1, 1836, 691
1, 1960, 525
1, 2084, 364
1, 2209, 304
1, 2333, 414
1, 2457, 555
1, 2582, 574
1, 2706, 523
1, 2837, 562
1, 2961, 684
1, 3087, 680
1, 3211, 589
1, 3335, 541
1, 3459, 518
1, 3584, 449
1, 3708, 326
1, 3837, 247
1, 3961, 331
1, 4087, 532
1, 4211, 637
1, 4335, 598
1, 4459, 514
1, 4584, 483
1, 4708, 490
1, 4836, 447
1, 4960, 371
1, 5085, 385
1, 5209, 480
1, 5333, 560
1, 5458, 607
1, 5582, 611
1, 5706, 584
1, 5837, 544
1, 5961, 569
1, 6087, 656
1, 6211, 723
1, 6335, 737
1, 6460, 667
1, 6584, 581
1, 6708, 579
1, 6836, 631
1, 6961, 634
1, 7086, 600
1, 7211, 604
1, 7335, 612
1, 7459, 548
1, 7584, 484
1, 7708, 509
1, 7839, 575
1, 7963, 589
1, 8088, 519
1, 8213, 412
1, 8337, 330
1, 8461, 303
1, 8586, 259
1, 8710, 165
1, 8838, 128
1, 8962, 196
1, 9088, 289
1, 9212, 351
1, 9336, 386
1, 9461, 410
1, 9585, 444
1, 9709, 481
1, 9837, 504
1, 9962, 536
1, 10087, 562
1, 10212, 562
1, 10336, 539
1, 10460, 512
1, 10584, 512
1, 10709, 539
1, 10840, 554
1, 10964, 502
1, 11089, 424
1, 11214, 395
1, 11338, 429
1, 11462, 461
1, 11587, 453
1, 11711, 431
1, 11839, 440
1, 11963, 483
1, 12089, 532
1, 12213, 552
1, 12338, 530
1, 12462, 480
1, 12586, 449
1, 12711, 481
1, 12839, 562
1, 12963, 627
1, 13089, 639
1, 13213, 612
1, 13337, 593
1, 13461, 599
1, 13586, 612
1, 13710, 622
1, 13841, 629
1, 13965, 646
1, 14091, 678
1, 14215, 714
1, 14339, 721
1, 14464, 696
1, 14588, 658
1, 14712, 611
1, 14840, 566
1, 14965, 557
1, 15090, 585
1, 15215, 609
1, 15339, 601
1, 15463, 571
1, 15587, 533
1, 15712, 486
1, 15840, 436
1, 15964, 427
1, 16087, 464
1, 16211, 509
1, 16336, 518
1, 16460, 491
1, 16584, 440
1, 16708, 394
1, 16834, 392
1, 16958, 434
1, 17082, 484
1, 17207, 519
1, 17331, 534
1, 17455, 546
1, 17580, 553
1, 17704, 549
1, 17829, 518
1, 17960, 484
1, 18092, 478
1, 18216, 504
1, 18340, 532
1, 18464, 539
1, 18589, 540
1, 18713, 554
1, 18841, 588
1, 18965, 612
1, 19091, 609
1, 19215, 591
1, 19340, 560
1, 19464, 520
1, 19588, 469
1, 19713, 425
1, 19843, 398
1, 19968, 390
1, 20091, 393
1, 20215, 419
1, 20340, 462
1, 20464, 510
1, 20587, 547
1, 20711, 576
1, 20869, 612
1, 20993, 638
1, 21145, 645
1, 21269, 630
1, 21419, 602
1, 21543, 579
1, 21704, 567
1, 21829, 564
1, 21953, 563
1, 22078, 566
1, 22224, 566
1, 22348, 541
1, 22507, 511
1, 22631, 474
1, 22790, 466
1, 22950, 477
1, 23076, 494
1, 23200, 510
1, 23324, 518
1, 23448, 516
1, 23573, 499
1, 23697, 476
1, 23823, 458
1, 23947, 456
1, 24071, 469
1, 24196, 475
1, 24320, 469
1, 24444, 449
1, 24568, 426
1, 24693, 415
1, 24817, 430
1, 24941, 465
1, 25066, 495
1, 25190, 500
1, 25315, 487
1, 25439, 473
1, 25563, 472
1, 25688, 484
1, 25812, 500
1, 25937, 515
1, 26060, 531
1, 26184, 550
1, 26309, 568
1, 26433, 591
1, 26557, 615
1, 26682, 634
1, 26807, 650
1, 26931, 663
1, 27055, 671
1, 27180, 675
1, 27304, 658
1, 27428, 640
1, 27552, 621
1, 27677, 607
1, 27802, 596
1, 27926, 579
1, 28050, 571
1, 28174, 568
1, 28299, 572
1, 28423, 572
1, 28547, 560
1, 28671, 545
1, 28796, 532
1, 28921, 520
1, 29045, 513
1, 29170, 511
1, 29294, 517
1, 29418, 520
1, 29542, 515
1, 29667, 503
1, 29791, 494
1, 29917, 494
1, 30041, 499
1, 30165, 509
1, 30289, 518
1, 30414, 519
1, 30538, 511
1, 30662, 504
1, 30787, 499
1, 30911, 497
1, 31035, 489
1, 31160, 477
1, 31284, 463
1, 31408, 451
1, 31532, 447
1, 31657, 451
1, 31781, 458
1, 31905, 451
1, 32030, 455
1, 32154, 442
1, 32278, 428
1, 32402, 422
1, 32527, 429
1, 32651, 444
1, 32775, 450
1, 32900, 449
1, 33025, 447
1, 33149, 445
1, 33273, 437
1, 33397, 429
1, 33522, 425
1, 33646, 424
1, 33770, 429
2, -3753, 512
2, -3629, 513
2, -3504, 512
2, -3380, 511
2, -3256, 512
2, -3125, 513
2, -3001, 511
2, -2877, 511
2, -2753, 512
2, -2628, 512
2, -2504, 512
2, -2380, 512
2, -2256, 511
2, -2125, 512
2, -2001, 509
2, -1876, 529
2, -1752, 512
2, -1628, 513
2, -1504, 510
2, -1380, 514
2, -1255, 513
2, -1125, 512
2, -1000, 512
2, -876, 516
2, -752, 518
2, -628, 508
2, -503, 485
2, -379, 574
2, -255, 569
2, -124, 401
2, 0, 290
2, 124, 442
2, 248, 736
2, 373, 893
2, 497, 827
2, 621, 524
2, 746, 270
2, 876, 251
2, 1001, 331
2, 1125, 438
2, 1249, 464
2, 1374, 404
2, 1498, 303
2, 1622, 277
2, 1746, 380
2, 1877, 367
2, 2002, 290
2, 2126, 347
2, 2250, 595
2, 2374, 754
2, 2499, 715
2, 2623, 689
2, 2747, 746
2, 2878, 768
2, 3002, 690
2, 3128, 609
2, 3252, 605
2, 3377, 745
2, 3501, 833
2, 3625, 715
2, 3749, 513
2, 3878, 486
2, 4002, 582
2, 4128, 618
2, 4252, 610
2, 4377, 642
2, 4501, 665
2, 4625, 590
2, 4749, 475
2, 4878, 422
2, 5002, 467
2, 5126, 551
2, 5250, 604
2, 5375, 585
2, 5499, 540
2, 5623, 562
2, 5748, 631
2, 5878, 666
2, 6003, 612
2, 6128, 556
2, 6253, 550
2, 6377, 541
2, 6501, 511
2, 6625, 450
2, 6750, 449
2, 6878, 493
2, 7002, 515
2, 7128, 523
2, 7252, 552
2, 7376, 566
2, 7501, 555
2, 7625, 554
2, 7749, 592
2, 7880, 630
2, 8004, 621
2, 8130, 562
2, 8254, 459
2, 8378, 354
2, 8503, 295
2, 8627, 336
2, 8751, 390
2, 8879, 463
2, 9004, 488
2, 9129, 472
2, 9254, 418
2, 9378, 336
2, 9502, 302
2, 9626, 356
2, 9751, 437
2, 9879, 446
2, 10003, 428
2, 10129, 474
2, 10253, 560
2, 10377, 587
2, 10502, 604
2, 10626, 603
2, 10750, 591
2, 10881, 532
2, 11005, 479
2, 11131, 508
2, 11255, 628
2, 11379, 743
2, 11504, 794
2, 11628, 796
2, 11752, 768
2, 11881, 715
2, 12005, 630
2, 12131, 556
2, 12255, 533
2, 12379, 532
2, 12503, 501
2, 12628, 436
2, 12752, 387
2, 12880, 383
2, 13004, 412
2, 13130, 436
2, 13254, 437
2, 13379, 417
2, 13503, 425
2, 13627, 423
2, 13751, 422
2, 13882, 455
2, 14007, 504
2, 14132, 546
2, 14256, 565
2, 14381, 551
2, 14505, 509
2, 14629, 476
2, 14754, 486
2, 14882, 526
2, 15006, 559
2, 15132, 553
2, 15256, 512
2, 15380, 452
2, 15505, 401
2, 15629, 379
2, 15753, 418
2, 15881, 484
2, 16005, 529
2, 16128, 542
2, 16253, 533
2, 16377, 524
2, 16501, 526
2, 16626, 545
2, 16750, 544
2, 16875, 510
2, 17000, 455
2, 17124, 412
2, 17248, 389
2, 17372, 377
2, 17497, 365
2, 17621, 360
2, 17745, 372
2, 17877, 398
2, 18002, 432
2, 18133, 443
2, 18257, 426
2, 18382, 402
2, 18506, 400
2, 18630, 422
2, 18754, 453
2, 18883, 493
2, 19007, 550
2, 19132, 606
2, 19257, 636
2, 19381, 619
2, 19505, 582
2, 19630, 543
2, 19754, 514
2, 19885, 494
2, 20009, 480
2, 20132, 470
2, 20257, 464
2, 20381, 471
2, 20505, 499
2, 20628, 533
2, 20753, 560
2, 20910, 572
2, 21036, 576
2, 21187, 582
2, 21311, 590
2, 21460, 589
2, 21585, 579
2, 21745, 573
2, 21871, 566
2, 21995, 556
2, 22119, 553
2, 22265, 575
2, 22424, 596
2, 22548, 597
2, 22707, 579
2, 22833, 564
2, 22991, 547
2, 23117, 514
2, 23241, 460
2, 23366, 407
2, 23490, 370
2, 23614, 345
2, 23738, 331
2, 23864, 327
2, 23988, 319
2, 24113, 315
2, 24237, 312
2, 24361, 308
2, 24486, 299
2, 24610, 293
2, 24734, 289
2, 24858, 283
2, 24983, 290
2, 25108, 317
2, 25232, 354
2, 25356, 388
2, 25480, 410
2, 25605, 430
2, 25729, 448
2, 25854, 454
2, 25978, 458
2, 26102, 454
2, 26226, 450
2, 26350, 445
2, 26474, 432
2, 26599, 428
2, 26723, 445
2, 26848, 473
2, 26973, 487
2, 27097, 483
2, 27221, 477
2, 27345, 482
2, 27470, 489
2, 27594, 488
2, 27718, 490
2, 27844, 501
2, 27968, 522
2, 28091, 537
2, 28216, 542
2, 28340, 540
2, 28464, 545
2, 28589, 555
2, 28713, 571
2, 28838, 586
2, 28962, 600
2, 29087, 607
2, 29211, 599
2, 29335, 583
2, 29460, 563
2, 29584, 550
2, 29708, 544
2, 29834, 545
2, 29958, 556
2, 30082, 569
2, 30207, 592
2, 30331, 617
2, 30455, 636
2, 30579, 642
2, 30704, 619
2, 30828, 595
2, 30952, 560
2, 31077, 526
2, 31201, 496
2, 31325, 477
2, 31450, 456
2, 31574, 431
2, 31698, 408
2, 31822, 388
2, 31947, 371
2, 32071, 355
2, 32195, 350
2, 32320, 356
2, 32444, 373
2, 32568, 394
2, 32692, 411
2, 32817, 424
2, 32941, 438
2, 33066, 452
2, 33190, 460
2, 33315, 462
2, 33439, 462
2, 33563, 466
2, 33687, 474
2, 33812, 479
