UUID: 564
Label: p
0, 28298, 528
0, 28422, 526
0, 28547, 526
0, 28671, 530
0, 28796, 533
0, 28921, 537
0, 29049, 540
0, 29173, 543
0, 29297, 545
0, 29422, 544
0, 29546, 542
0, 29670, 542
0, 29796, 540
0, 29920, 539
0, 30051, 536
0, 30175, 533
0, 30300, 530
0, 30424, 527
0, 30548, 527
0, 30673, 529
0, 30798, 532
0, 30922, 536
0, 31051, 538
0, 31175, 540
0, 31299, 541
0, 31423, 541
0, 31548, 543
0, 31672, 542
0, 31798, 540
0, 31922, 539
0, 32050, 538
0, 32174, 538
0, 32299, 538
0, 32423, 541
0, 32547, 543
0, 32671, 546
0, 32797, 549
0, 32921, 551
0, 33052, 552
0, 33176, 552
0, 33301, 552
0, 33425, 548
0, 33549, 546
1, 28339, 560
1, 28464, 559
1, 28588, 559
1, 28712, 556
1, 28838, 554
1, 28962, 553
1, 29090, 550
1, 29215, 552
1, 29339, 554
1, 29463, 547
1, 29587, 546
1, 29712, 542
1, 29837, 543
1, 29962, 541
1, 30092, 541
1, 30217, 542
1, 30341, 544
1, 30465, 544
1, 30590, 542
1, 30714, 541
1, 30840, 539
1, 30964, 537
1, 31092, 533
1, 31216, 529
1, 31341, 525
1, 31465, 516
1, 31589, 511
1, 31713, 522
1, 31839, 511
1, 31963, 510
1, 32091, 510
1, 32216, 512
1, 32340, 513
1, 32464, 515
1, 32589, 519
1, 32713, 521
1, 32838, 524
1, 32963, 524
1, 33093, 527
1, 33218, 526
1, 33342, 527
1, 33466, 528
1, 33591, 529
2, 28381, 567
2, 28505, 568
2, 28629, 567
2, 28755, 568
2, 28879, 567
2, 29007, 563
2, 29132, 556
2, 29256, 551
2, 29380, 547
2, 29505, 545
2, 29629, 541
2, 29755, 541
2, 29879, 541
2, 30010, 544
2, 30134, 527
2, 30258, 544
2, 30382, 541
2, 30507, 540
2, 30631, 538
2, 30757, 537
2, 30881, 537
2, 31009, 536
2, 31133, 535
2, 31258, 535
2, 31382, 535
2, 31506, 532
2, 31631, 533
2, 31756, 533
2, 31880, 535
2, 32008, 535
2, 32133, 536
2, 32257, 534
2, 32381, 534
2, 32506, 538
2, 32630, 535
2, 32756, 535
2, 32880, 538
2, 33011, 539
2, 33135, 538
2, 33259, 536
2, 33383, 534
2, 33508, 533
2, 33632, 532
